0.115662
0.338544
0.059292
0.489933
0.437149
0.420008
0.886616
0.442663
0.496720
0.934743
0.692921
0.432454
0.134517
0.596926
0.491109
0.550982
0.286295
0.442837
0.145451
0.122654
0.260462
0.862665
0.939373
0.874094
0.307911
0.663921
0.528382
0.033795
0.357585
0.097556
0.893866
0.473247
0.436100
0.953157
0.963180
0.873249
0.373165
0.849796
0.315912
0.869885
0.784539
0.008833
0.302339
0.919056
0.605759
0.793448
0.470038
0.892054
0.236285
0.615489
0.014709
0.496748
0.478154
0.954082
0.370841
0.786065
0.618002
0.899223
0.819861
0.975587
0.996779
0.713726
0.448834
0.432878
0.666884
0.412014
0.306128
0.040049
0.261809
0.622040
0.909934
0.046348
0.630873
0.212273
0.965404
0.236632
0.005721
0.435442
0.128686
0.242006
0.050930
0.143395
0.738754
0.529084
0.097477
0.109595
0.315150
0.715479
0.008818
0.135011
0.691066
0.005597
0.848737
0.139900
0.438475
0.515621
0.551914
0.744603
0.555670
0.813723
0.366643
0.465604
0.860072
0.997516
0.677877
0.825476
0.234148
0.683598
0.260918
0.362834
0.925604
0.311848
0.506229
0.664357
0.840932
0.603706
0.773953
0.156082
0.319185
0.782771
0.291093
0.010251
0.788367
0.139830
0.150152
0.226843
0.655451
0.702066
0.971446
0.211122
0.515789
0.338088
0.676726
0.375861
0.335604
0.354603
0.201337
0.569752
0.038200
0.462254
0.932587
0.963804
0.774102
0.438816
0.628161
0.615035
0.042522
0.402114
0.771117
0.361707
0.184885
0.062210
0.371959
0.973252
0.202041
0.522110
0.200095
0.857492
0.224176
0.171540
0.068614
0.739965
0.509629
0.745340
0.115826
0.845233
0.099943
0.317163
0.414986
0.138143
0.779417
0.347573
0.101947
0.553519
0.786389
0.730108
0.168554
0.828911
0.132223
0.939671
0.190619
0.317107
0.001881
0.562578
0.290360
0.203922
0.084688
0.490455
0.061414
0.308864
0.661995
0.130028
0.048830
0.171624
0.875368
0.164656
0.016857
0.975310
0.481819
0.431843
0.113453
0.261236
0.779415
0.215400
0.814755
0.565804
0.945508
0.983309
0.394716
0.077731
0.922980
0.585334
0.394839
0.924862
0.147912
0.685198
0.128784
0.232600
0.175653
0.190198
0.541465
0.837648
0.320225
0.590294
0.009271
0.195593
0.754950
0.026128
0.170903
0.236769
0.457971
0.284356
0.498005
0.237386
0.499756
0.312760
0.803191
0.445265
0.296069
0.197906
0.522996
0.219050
0.783241
0.917834
0.143911
0.931153
0.603032
0.272695
0.163753
0.778685
0.462893
0.705217
0.616333
0.783118
0.295512
0.625604
0.978711
0.050462
0.651733
0.149614
0.287231
0.109704
0.433970
0.785236
0.347090
0.933726
0.097996
0.150280
0.378991
0.394065
0.348187
0.901987
0.613115
0.131427
0.819821
0.757026
0.062580
0.422854
0.029721
0.226333
0.201539
0.492614
0.931550
0.817872
0.275732
0.227062
0.443476
0.254443
0.277524
0.095208
0.404056
0.564755
0.204912
0.838027
0.349990
0.552002
0.771753
0.447986
0.702282
0.150744
0.842051
0.050469
0.052731
0.455166
0.181896
0.872552
0.212193
0.244476
0.295405
0.241914
0.470809
0.496944
0.734528
0.402359
0.314816
0.010259
0.629421
0.758291
0.264702
0.906945
0.853500
0.668758
0.471700
0.058412
0.506785
0.821690
0.610414
0.278538
0.269676
0.312696
0.429282
0.111727
0.363165
0.482012
0.566894
0.545061
0.354564
0.779086
0.789537
0.649969
0.021000
0.260346
0.146913
0.755527
0.662706
0.461729
0.765787
0.292127
0.220020
0.030489
0.199072
0.073520
0.699247
0.670772
0.131932
0.206032
0.492463
0.742346
0.484569
0.762139
0.055042
0.913851
0.873866
0.418207
0.395863
0.440760
0.963268
0.750427
0.219846
0.752805
0.400397
0.240846
0.013152
0.547310
0.996373
0.675858
0.009039
0.762160
0.967985
0.229060
0.792649
0.167057
0.302580
0.491896
0.837830
0.434511
0.697927
0.330292
0.176857
0.182497
0.092431
0.231899
0.096348
0.966297
0.650105
0.492211
0.407057
0.613373
0.242638
0.626903
0.366179
0.643035
0.867748
0.379331
0.190345
0.864122
0.055188
0.199384
0.626282
0.023173
0.428444
0.418931
0.190231
0.731024
0.910826
0.028060
0.165535
0.608753
0.358353
0.342392
0.791250
0.450784
0.574290
0.887598
0.417081
0.224396
0.379809
0.824138
0.837769
0.622447
0.451040
0.203948
0.265482
0.318789
0.583278
0.455827
0.182911
0.638467
0.655212
0.809192
0.661640
0.083656
0.228123
0.851870
0.814679
0.138949
0.879931
0.980214
0.747703
0.238283
0.322606
0.538953
0.689067
0.896897
0.426551
0.106148
0.121292
0.806359
0.930286
0.959061
0.428806
0.381326
0.163009
0.694288
0.700115
0.746287
0.150116
0.883026
0.384754
0.805327
0.692218
0.046394
0.888983
0.920341
0.898264
0.703662
0.059290
0.778195
0.683876
0.806993
0.016478
0.006483
0.345945
0.705545
0.903379
0.772496
0.811693
0.024672
0.578855
0.741978
0.983733
0.007662
0.123304
0.146742
0.701950
0.823419
0.893030
0.852066
0.706445
0.277784
0.657393
0.398663
0.324177
0.546376
0.319004
0.222442
0.250038
0.378294
0.000636
0.933915
0.185287
0.017114
0.940397
0.531232
0.722660
0.843777
0.303728
0.534352
0.868448
0.882583
0.276331
0.852181
0.890244
0.399635
0.998923
0.592194
0.223055
0.891953
0.444260
0.929500
0.169737
0.101653
0.328163
0.493914
0.648029
0.647167
0.716355
0.898068
0.025461
0.716992
0.831982
0.210747
0.734106
0.772380
0.741979
0.456766
0.616157
0.045706
0.991118
0.484605
0.928289
0.267449
0.336786
0.818533
0.667085
0.335710
0.410728
0.890140
0.227663
0.854988
0.819639
0.397399
0.956641
0.147802
0.891313
0.604670
0.794969
0.607669
0.502737
0.820429
0.324660
0.334720
0.031176
0.058766
0.107100
0.773155
0.515532
0.723256
0.818862
0.506650
0.207861
0.747151
0.774100
0.544648
0.565684
0.441184
0.880357
0.976412
0.331324
0.108020
0.831400
0.150963
0.505420
0.788040
0.298765
0.396733
0.392710
0.093734
0.004402
0.895448
0.914163
0.329062
0.230167
0.945340
0.387828
0.337267
0.718495
0.903360
0.060523
0.537357
0.410011
0.268384
0.284508
0.184110
0.813032
0.850192
0.625295
0.693389
0.826604
0.956619
0.801409
0.658004
0.107582
0.306829
0.446044
0.406347
0.703562
0.838754
0.500081
0.707963
0.734202
0.414244
0.037025
0.964369
0.359584
0.424854
0.301636
0.078079
0.328214
0.362159
0.615436
0.738225
0.630543
0.899944
0.922336
0.443575
0.750136
0.547630
0.136965
0.576740
0.504249
0.938374
0.234744
0.611830
0.245203
0.680788
0.018177
0.948765
0.519542
0.518258
0.656729
0.253743
0.932502
0.693754
0.218112
0.292086
0.118607
0.519748
0.370165
0.446822
0.881907
0.985601
0.185047
0.512451
0.885545
0.107382
0.956026
0.635680
0.655012
0.092991
0.212421
0.159261
0.031365
0.447164
0.771092
0.276568
0.127952
0.789269
0.225333
0.647494
0.307527
0.882061
0.901237
0.240029
0.575815
0.119349
0.532116
0.694422
0.639097
0.902281
0.141244
0.521004
0.887882
0.326290
0.033455
0.773426
0.433672
0.989481
0.409107
0.088685
0.082472
0.621527
0.247946
0.113836
0.068692
0.019038
0.390404
0.196644
0.808306
0.615737
0.844137
0.115834
0.497798
0.745374
0.355863
0.073613
0.864723
0.887978
0.768035
0.503820
0.790259
0.909279
0.024825
0.678141
0.235569
0.058280
0.451567
0.669242
0.047761
0.860674
0.757926
0.130233
0.482201
0.005872
0.244069
0.550893
0.024910
0.634473
0.747536
0.833216
0.250210
0.591673
0.949050
0.748008
0.337047
0.304913
0.821620
0.201770
0.192891
0.589655
0.705590
0.983150
0.498934
0.730415
0.661291
0.734503
0.788695
0.112858
0.403745
0.836455
0.973532
0.161671
0.966688
0.455733
0.167544
0.210758
0.006625
0.192454
0.845231
0.754162
0.025670
0.095441
0.345835
0.974720
0.843449
0.682882
0.279633
0.665070
0.884652
0.472524
0.254725
0.590243
0.455674
0.753659
0.320657
0.116965
0.488162
0.109352
0.229823
0.891907
0.945807
0.203355
0.053579
0.912496
0.659088
0.221122
0.123254
0.665713
0.413576
0.968485
0.419875
0.439246
0.063926
0.765710
0.413965
0.907375
0.448592
0.693598
0.572445
0.333245
0.166122
0.827170
0.923487
0.621796
0.580829
0.244145
0.738762
0.068991
0.353497
0.968585
0.960899
0.299304
0.171940
0.014477
0.211800
0.831028
0.235600
0.335054
0.496742
0.649175
0.303538
0.916617
0.088421
0.367464
0.682327
0.502387
0.274839
0.130919
0.195985
0.847284
0.464164
0.362107
0.674454
0.387651
0.983903
0.255283
0.631796
0.722665
0.324274
0.985293
0.691249
0.285173
0.284597
0.863190
0.299651
0.496397
0.694218
0.535250
0.831451
0.190959
0.184426
0.134989
0.107576
0.272847
0.502453
0.789903
0.775233
0.777293
0.920822
0.971218
0.624577
0.384986
0.333325
0.299031
0.772637
0.317228
0.554314
0.404433
0.039892
0.878588
0.389726
0.731142
0.163761
0.674322
0.594331
0.463412
0.170719
0.288549
0.998662
0.002170
0.479508
0.183088
0.137159
0.587085
0.455935
0.639612
0.376988
0.231168
0.416905
0.297810
0.202386
0.041482
0.682796
0.535711
0.340513
0.455433
0.852939
0.894827
0.859866
0.892832
0.773415
0.249591
0.623973
0.937176
0.923914
0.218305
0.400588
0.094633
0.506854
0.399250
0.096803
0.986362
0.582338
0.233962
0.573447
0.038273
0.873574
0.950435
0.269441
0.290479
0.248244
0.471827
0.331961
0.931040
0.007538
0.672474
0.386473
0.860477
0.567301
0.246338
0.753309
0.340715
0.495929
0.377282
0.277891
0.419843
0.595587
0.678479
0.514476
0.102441
0.077729
0.611279
0.088803
0.660067
0.845242
0.662250
0.698340
0.718816
0.612685
0.967781
0.009295
0.860929
0.439608
0.341256
0.791969
0.447146
0.013730
0.178442
0.307624
0.581031
0.424780
0.060933
0.921746
0.920710
0.438215
0.199638
0.340553
0.033802
0.878117
0.855029
0.136243
0.955847
0.466309
0.225047
0.615914
0.311550
0.887297
0.314254
0.030366
0.499982
0.282035
0.039661
0.360911
0.721643
0.380918
0.152881
0.168789
0.394648
0.331323
0.476413
0.975679
0.756103
0.537346
0.897425
0.676813
0.975561
0.097063
0.017365
0.009363
0.975181
0.872394
0.145606
0.931027
0.338703
0.370652
0.546941
0.650253
0.257949
0.861196
0.680619
0.757931
0.143231
0.720280
0.118842
0.864874
0.101198
0.271723
0.033663
0.495846
0.603045
0.510076
0.471525
0.359148
0.047422
0.368950
0.035961
0.022983
0.466013
0.053326
0.032345
0.441194
0.925720
0.177951
0.372221
0.264423
0.548603
0.919163
0.914676
0.806553
0.780358
0.595295
0.564484
0.923589
0.315575
0.683326
0.788463
0.416773
0.955049
0.822126
0.912619
0.558094
0.332202
0.384143
0.917243
0.379624
0.753093
0.953203
0.402606
0.219107
0.006529
0.434951
0.660301
0.932250
0.612903
0.032522
0.196673
0.161506
0.951684
0.111350
0.968059
0.732043
0.706645
0.532543
0.655631
0.022220
0.215869
0.444094
0.438993
0.170918
0.266220
0.351612
0.729012
0.598421
0.735755
0.646255
0.978045
0.488848
0.599458
0.380651
0.707955
0.605987
0.815603
0.368255
0.538237
0.428505
0.400777
0.734910
0.590011
0.352462
0.846260
0.558070
0.084504
0.552905
0.090613
0.740136
0.575125
0.306482
0.184230
0.014119
0.477400
0.450449
0.365731
0.206412
0.048871
0.101486
0.852667
0.026916
0.590334
0.452125
0.407567
0.298289
0.058112
0.223169
0.666544
0.596349
0.651675
0.067321
0.331259
0.241686
0.419783
0.177518
0.799756
0.504287
0.730423
0.890369
0.244423
0.305548
0.196851
0.428652
0.319667
0.674251
0.879102
0.685398
0.880663
0.927972
0.786883
0.733330
0.954888
0.377217
0.185455
0.362455
0.675506
0.243567
0.585624
0.342050
0.839916
0.237299
0.409372
0.171175
0.478985
0.829154
0.348693
0.278741
0.333441
0.079116
0.169111
0.577864
0.384665
0.365962
0.006516
0.704331
0.040214
0.885618
0.389729
0.920877
0.813590
0.176612
0.654207
0.768478
0.553830
0.839662
0.130933
0.229336
0.083229
0.716557
0.571386
0.923145
0.953856
0.980758
0.094320
0.432841
0.809912
0.443013
0.711583
0.143353
0.522129
0.880694
0.721217
0.906794
0.246656
0.727733
0.611125
0.286870
0.613351
0.000854
0.207747
0.426942
0.177467
0.861954
0.195420
0.731297
0.701616
0.326353
0.960633
0.784845
0.042911
0.532019
0.707990
0.996767
0.512777
0.802310
0.429608
0.322689
0.245323
0.141191
0.466042
0.767453
0.021885
0.187259
0.674246
0.268541
0.914993
0.285372
0.555410
0.528344
0.286226
0.763157
0.955286
0.463693
0.625110
0.150706
0.194989
0.326726
0.477059
0.155622
0.111572
0.519970
0.687641
0.819562
0.516737
0.200417
0.621872
0.946345
0.523106
0.867196
0.087536
0.989148
0.634648
0.109421
0.176407
0.308895
0.377961
0.091400
0.594266
0.933371
0.619744
0.880492
0.696528
0.575030
0.344185
0.321638
0.725736
0.539174
0.648364
0.202795
0.694796
0.759936
0.722765
0.382437
0.579498
0.239501
0.582854
0.201370
0.185846
0.105960
0.068566
0.273382
0.095108
0.703214
0.382803
0.271515
0.012109
0.760764
0.362915
0.606375
0.694135
0.982659
0.486867
0.390663
0.557689
0.831053
0.712301
0.283425
0.370227
0.360665
0.486220
0.065023
0.120601
0.208984
0.447460
0.700099
0.448486
0.030314
0.901469
0.634332
0.136274
0.970035
0.907714
0.231381
0.673249
0.290517
0.502896
0.685357
0.051280
0.865811
0.291732
0.745415
0.848470
0.778600
0.136078
0.406159
0.609653
0.848379
0.689584
0.979880
0.209043
0.175804
0.044903
0.329644
0.384788
0.492363
0.029743
0.833274
0.522676
0.931212
0.467606
0.658950
0.901246
0.375320
0.890331
0.574495
0.665837
0.393227
0.259852
0.717117
0.259038
0.551585
0.462532
0.107508
0.330185
0.598610
0.513668
0.939837
0.446989
0.203252
0.919717
0.656032
0.379056
0.964620
0.985676
0.763844
0.456982
0.015419
0.597118
0.979659
0.946631
0.064724
0.638609
0.847877
0.440044
0.528940
0.422373
0.105880
0.922167
0.682225
0.822997
0.181205
0.233810
0.285530
0.288714
0.563995
0.884140
0.802381
0.503832
0.331128
0.005633
0.423549
0.987161
0.384689
0.388169
0.972837
0.148533
0.845151
0.988256
0.745651
0.824810
0.934887
0.810375
0.463419
0.782765
0.250419
0.992358
0.205137
0.356299
0.914525
0.887362
0.179297
0.095731
0.121172
0.464826
0.384444
0.685167
0.348966
0.186826
0.189000
0.680095
0.192459
0.612549
0.667255
0.577148
0.000718
0.640092
0.725681
0.845869
0.628349
0.471333
0.670679
0.563236
0.281708
0.134098
0.346001
0.532127
0.126456
0.551138
0.888426
0.040981
0.438501
0.067723
0.136712
0.559673
0.532550
0.521156
0.244840
0.881516
0.707982
0.433840
0.561611
0.900441
0.046389
0.228866
0.477590
0.047106
0.868958
0.203271
0.892975
0.497307
0.674604
0.563654
0.060543
0.956311
0.697752
0.406544
0.488438
0.824208
0.957682
0.376864
0.865190
0.396183
0.444587
0.001902
0.955855
0.977137
0.523058
0.200696
0.858653
0.231040
0.634535
0.420263
0.131482
0.680924
0.649129
0.609071
0.728030
0.518087
0.812343
0.621005
0.015394
0.486946
0.184660
0.075937
0.443258
0.882412
0.482481
0.931696
0.706620
0.440162
0.308560
0.571809
0.836345
0.753147
0.573711
0.792201
0.730284
0.096769
0.992896
0.588937
0.327809
0.627432
0.009200
0.459291
0.308356
0.658329
0.068363
0.036386
0.176417
0.880705
0.657391
0.191811
0.367651
0.842051
0.267747
0.810909
0.724463
0.750228
0.742605
0.431083
0.190390
0.051165
0.002892
0.026735
0.804312
0.576603
0.818936
0.534597
0.673372
0.811832
0.123534
0.001181
0.439264
0.132734
0.460473
0.747619
0.791064
0.528836
0.784005
0.967480
0.409541
0.441397
0.159291
0.777192
0.283448
0.427038
0.588101
0.007911
0.177266
0.330706
0.438993
0.367657
0.381871
0.441885
0.394392
0.186183
0.018488
0.213328
0.720779
0.691860
0.025160
0.844313
0.693041
0.464424
0.977047
0.153514
0.212044
0.768111
0.682349
0.996049
0.735591
0.091890
0.437446
0.894882
0.869082
0.720893
0.321920
0.457184
0.728804
0.499186
0.787890
0.167797
0.866843
0.169760
0.609682
0.261235
0.355943
0.628170
0.474564
0.076722
0.320030
0.499724
0.921035
0.013071
0.964148
0.898083
0.166584
0.176192
0.666194
0.848934
0.172241
0.401785
0.940824
0.609686
0.296667
0.809906
0.330579
0.618587
0.267090
0.059383
0.117773
0.054980
0.227181
0.984616
0.224740
0.836863
0.245852
0.580682
0.465033
0.720415
0.657405
0.785062
0.220139
0.578440
0.798133
0.184287
0.476523
0.964717
0.360479
0.142717
0.813651
0.532719
0.544501
0.754475
0.142405
0.841168
0.564381
0.472985
0.459755
0.831471
0.532368
0.577528
0.886451
0.759549
0.562145
0.111191
0.596412
0.807996
0.691873
0.061445
0.528412
0.349278
0.846507
0.748551
0.927718
0.644640
0.932838
0.404241
0.609357
0.293317
0.546957
0.423009
0.826036
0.091459
0.177484
0.968442
0.932627
0.741865
0.441427
0.392382
0.573336
0.973795
0.969910
0.459787
0.733344
0.532055
0.570978
0.329756
0.340051
0.262851
0.391201
0.868463
0.612129
0.237708
0.617014
0.539846
0.882348
0.549852
0.944087
0.491705
0.843169
0.491044
0.914714
0.669205
0.582503
0.092197
0.637647
0.515130
0.834062
0.079074
0.907512
0.407399
0.052869
0.877423
0.867186
0.786214
0.409477
0.438164
0.115970
0.749529
0.701015
0.507171
0.617991
0.313144
0.744879
0.235005
0.852990
0.627227
0.784857
0.797078
0.118932
0.628026
0.288122
0.033645
0.297231
0.870625
0.125843
0.934878
0.385756
0.959905
0.013952
0.293268
0.367304
0.066822
0.170691
0.234490
0.853036
0.580168
0.672655
0.969006
0.329697
0.373670
0.476177
0.947688
0.686814
0.221056
0.182693
0.539804
0.848282
0.967550
0.336882
0.967214
0.595576
0.625004
0.000859
0.892807
0.495629
0.126702
0.827685
0.881385
0.086607
0.841637
0.174653
0.453911
0.908458
0.345344
0.688402
0.761494
0.925512
0.361056
0.730500
0.255209
0.734726
0.206676
0.202897
0.421540
0.427732
0.385590
0.961344
0.276014
0.353140
0.298226
0.243228
0.948716
0.923230
0.244088
0.841522
0.418859
0.370790
0.669207
0.300244
0.457397
0.510844
0.474897
0.911309
0.419302
0.820241
0.599710
0.180796
0.745753
0.960766
0.911296
0.000962
0.695492
0.117972
0.203859
0.117032
0.545704
0.589449
0.078376
0.821718
0.942589
0.376602
0.064946
0.891305
0.299832
0.309034
0.732827
0.718691
0.679824
0.402034
0.018935
0.137221
0.912878
0.493832
0.048529
0.332180
0.314074
0.648239
0.512976
0.059827
0.609006
0.424272
0.060789
0.304498
0.542244
0.264648
0.421530
0.087949
0.854097
0.499906
0.909667
0.796686
0.876508
0.974613
0.687991
0.176340
0.283647
0.420818
0.895030
0.963471
0.822852
0.913965
0.100692
0.735730
0.407798
0.149221
0.067910
0.721871
0.797460
0.580886
0.781698
0.406466
0.005158
0.842487
0.710964
0.547402
0.107135
0.132494
0.635351
0.961232
0.632400
0.545018
0.757918
0.508908
0.519631
0.445909
0.685247
0.803278
0.866727
0.580278
0.766749
0.689579
0.494243
0.867441
0.425309
0.902040
0.016662
0.493219
0.623911
0.814122
0.074105
0.405609
0.220588
0.079263
0.248096
0.931552
0.626665
0.355231
0.064046
0.262016
0.316463
0.696446
0.807034
0.074381
0.205353
0.326665
0.520290
0.890601
0.129943
0.387017
0.470878
0.896692
0.076597
0.965121
0.764133
0.501906
0.867161
0.780795
0.995124
0.491073
0.594917
0.069229
0.896682
0.815505
0.148492
0.144778
0.747057
0.775157
0.500009
0.811103
0.037173
0.816472
0.507548
0.844207
0.890853
0.712902
0.170872
0.411143
0.603503
0.300815
0.798161
0.074381
0.197508
0.874757
0.039502
0.961641
0.376663
0.906663
0.742435
0.371787
0.397736
0.337352
0.441016
0.294418
0.152857
0.589508
0.439196
0.899913
0.364665
0.939206
0.711016
0.401838
0.755678
0.218564
0.246045
0.646531
0.931466
0.416918
0.057675
0.534969
0.717733
0.855835
0.609350
0.915241
0.730593
0.648851
0.876881
0.107255
0.555514
0.619317
0.479043
0.953250
0.956669
0.920059
0.247668
0.109525
0.509567
0.686865
0.009439
0.874232
0.626070
0.720455
0.276070
0.381749
0.939019
0.522116
0.028280
0.870486
0.939033
0.085954
0.405455
0.656766
0.941789
0.014804
0.572007
0.672382
0.663656
0.448888
0.779637
0.219170
0.068205
0.258680
0.172420
0.024874
0.178739
0.420088
0.134399
0.688306
0.106953
0.143838
0.562538
0.733023
0.864293
0.838608
0.114772
0.803312
0.360723
0.143052
0.673798
0.299757
0.229006
0.079252
0.956523
0.170795
0.094057
0.528530
0.843177
0.757712
0.977418
0.622815
0.976882
0.045623
0.881495
0.149302
0.070496
0.060233
0.569390
0.204895
0.748539
0.676343
0.348733
0.311077
0.409366
0.213026
0.149684
0.524138
0.016338
0.510408
0.667190
0.690135
0.810164
0.896195
0.769388
0.766687
0.066991
0.863444
0.295217
0.910168
0.621156
0.272635
0.532983
0.598038
0.318258
0.414477
0.747340
0.388754
0.474711
0.316730
0.593649
0.223250
0.993073
0.942382
0.534327
0.402439
0.155408
0.684011
0.926577
0.171746
0.194419
0.593766
0.861881
0.004583
0.489962
0.631269
0.771270
0.556953
0.494713
0.066487
0.467121
0.115869
0.339122
0.000103
0.713908
0.657380
0.414581
0.461248
0.046134
0.889291
0.777978
0.639783
0.112541
0.771050
0.582166
0.646868
0.173489
0.737574
0.330879
0.100066
0.909319
0.525298
0.693832
0.771200
0.529880
0.183794
0.402469
0.301151
0.740746
0.897182
0.367638
0.207867
0.013051
0.706759
0.207970
0.726959
0.364139
0.622551
0.188206
0.410273
0.511843
0.966184
0.050056
0.624384
0.737234
0.632222
0.271252
0.910723
0.369795
0.602131
0.010788
0.279114
0.127428
0.704620
0.050314
0.657309
0.888414
0.452783
0.958459
0.629161
0.349965
0.326097
0.837028
0.363016
0.032856
0.044998
0.089974
0.396995
0.667550
0.278181
0.807268
0.179392
0.244364
0.857324
0.803776
0.981598
0.489546
0.075028
0.892321
0.859341
0.677159
0.903109
0.138455
0.804587
0.607730
0.188770
0.461896
0.496144
0.641553
0.420355
0.125305
0.991518
0.746452
0.962333
0.354534
0.779308
0.007332
0.444508
0.176304
0.674881
0.722689
0.983572
0.854273
0.967053
0.840896
0.658050
0.948652
0.330442
0.733078
0.840972
0.189783
0.410237
0.744082
0.328239
0.214824
0.351812
0.517009
0.676721
0.847956
0.158562
0.097076
0.973261
0.150080
0.843528
0.935594
0.504614
0.622837
0.942926
0.949122
0.799141
0.617807
0.671811
0.782713
0.472080
0.638865
0.623609
0.130130
0.587516
0.954051
0.863208
0.428489
0.143834
0.273445
0.172570
0.472073
0.488269
0.524382
0.989082
0.164990
0.372338
0.147643
0.262066
0.345599
0.297723
0.105595
0.281193
0.802337
0.728431
0.224119
0.751459
0.527572
0.841926
0.423270
0.310285
0.314006
0.062135
0.933894
0.444136
0.649651
0.887945
0.307343
0.078140
0.031779
0.580788
0.250710
0.503852
0.069057
0.775092
0.492933
0.234047
0.147431
0.640577
0.496113
0.493030
0.938300
0.601708
0.774224
0.740637
0.330139
0.998343
0.492097
0.857711
0.840268
0.915367
0.167996
0.154274
0.977502
0.101890
0.598410
0.627153
0.989834
0.905754
0.705293
0.021613
0.486542
0.956003
0.525465
0.555599
0.731096
0.018398
0.789646
0.878527
0.658975
0.285759
0.371557
0.597276
0.887467
0.145780
0.337913
0.217606
0.144123
0.830010
0.075318
0.984391
0.745377
0.243314
0.138666
0.722879
0.345203
0.737076
0.350032
0.335037
0.642830
0.055325
0.356650
0.129372
0.011328
0.882115
0.684971
0.742424
0.900514
0.474617
0.620951
0.559489
0.760376
0.992507
0.156765
0.647843
0.138288
0.494678
0.865450
0.282410
0.324687
0.940767
0.266802
0.070064
0.184081
0.405468
0.792943
0.529284
0.142544
0.142975
0.864321
0.785374
0.198300
0.220972
0.914745
0.209628
0.103087
0.599716
0.952052
0.003601
0.074333
0.573003
0.563090
0.834709
0.565510
0.719855
0.482553
0.703798
0.214533
0.348003
0.986208
0.539220
0.288770
0.253010
0.609284
0.472851
0.658478
0.402226
0.002134
0.801021
0.545201
0.866456
0.586395
0.743501
0.087427
0.501140
0.953129
0.190515
0.100856
0.905181
0.194116
0.175189
0.478184
0.757206
0.009898
0.043694
0.477061
0.492451
0.747492
0.691594
0.840454
0.733700
0.230813
0.129223
0.986710
0.840097
0.602074
0.645188
0.242324
0.604208
0.446209
0.787525
0.470664
0.032604
0.531026
0.558091
0.533744
0.484154
0.748606
0.634600
0.389336
0.942721
0.809789
0.867520
0.699927
0.819687
0.911214
0.176988
0.312138
0.658706
0.868581
0.152592
0.392406
0.099395
0.281815
0.379116
0.939492
0.883889
0.024304
0.181816
0.488097
0.470513
0.969341
0.958761
0.503117
0.500366
0.516852
0.036861
0.984521
0.265458
0.671461
0.373856
0.208179
0.481249
0.241376
0.908106
0.300936
0.152590
0.085094
0.613074
0.811296
0.953676
0.765666
0.203702
0.053071
0.047481
0.582818
0.992563
0.931370
0.607122
0.174379
0.419466
0.077635
0.143720
0.378227
0.580752
0.644086
0.895079
0.617612
0.628607
0.160537
0.289073
0.002464
0.368716
0.770322
0.243840
0.276823
0.071259
0.396430
0.361917
0.684333
0.207725
0.315593
0.449999
0.411427
0.368663
0.497480
0.994245
0.361226
0.428850
0.601367
0.535605
0.848316
0.679002
0.679325
0.226543
0.259753
0.323412
0.121622
0.877365
0.952019
0.282159
0.166438
0.954482
0.650876
0.936760
0.198322
0.927698
0.008019
0.594751
0.289615
0.692352
0.802477
0.605208
0.142351
0.213904
0.973871
0.639831
0.208149
0.335098
0.068681
0.809516
0.870703
0.916997
0.488517
0.550029
0.143540
0.748270
0.873440
0.265162
0.625636
0.825459
0.547322
0.792074
0.779941
0.198198
0.728834
0.978263
0.125896
0.736853
0.573015
0.415511
0.429206
0.375491
0.020719
0.571557
0.589395
0.994590
0.211388
0.797544
0.329688
0.280069
0.607060
0.200391
0.197066
0.095577
0.750420
0.340606
0.843847
0.623860
0.605768
0.469483
0.449319
0.153090
0.261557
0.229260
0.351287
0.990391
0.207523
0.477183
0.727245
0.780538
0.892694
0.156450
0.156030
0.913413
0.728007
0.745425
0.908003
0.939395
0.542969
0.237691
0.219464
0.150028
0.438082
0.416529
0.245605
0.188502
0.757135
0.089452
0.812362
0.362903
0.558935
0.261681
0.515993
0.820492
0.490941
0.867280
0.810883
0.698464
0.344463
0.538128
0.479002
0.237157
0.694578
0.635032
0.150570
0.422585
0.380457
0.058573
0.361980
0.923426
0.296264
0.581443
0.073455
0.734346
0.997972
0.319060
0.922848
0.755107
0.408512
0.735209
0.118010
0.967448
0.996890
0.634003
0.787940
0.487831
0.501283
0.598823
0.186295
0.845746
0.136951
0.665298
0.082903
0.831529
0.300330
0.233473
0.254114
0.680787
0.292046
0.616094
0.604213
0.588311
0.197537
0.677667
0.322657
0.195509
0.996727
0.245505
0.950616
0.405240
0.980714
0.068626
0.372687
0.977604
0.702629
0.160627
0.465435
0.203912
0.759450
0.651730
0.049658
0.896402
0.317027
0.132561
0.727931
0.617357
0.366034
0.982045
0.298144
0.658080
0.598139
0.902357
0.246391
0.795676
0.580024
0.569048
0.991185
0.576752
0.814552
0.941801
0.981991
0.795266
0.010428
0.354678
0.772870
0.713057
0.515305
0.238305
0.916969
0.274756
0.890035
0.966626
0.171158
0.207063
0.099187
0.899089
0.824420
0.465221
0.881134
0.122564
0.123301
0.479272
0.024921
0.369692
0.274948
0.604945
0.938740
0.266133
0.181697
0.753292
0.207934
0.163688
0.548559
0.218362
0.518366
0.321429
0.931419
0.033671
0.559734
0.848388
0.308427
0.449769
0.815014
0.479585
0.656832
0.914201
0.378673
0.481252
0.379422
0.259807
0.603815
0.502723
0.739079
0.628736
0.872415
0.014027
0.233681
0.811155
0.280160
0.415378
0.564447
0.488095
0.579065
0.113005
0.706457
0.097431
0.434434
0.637876
0.131103
0.994169
0.486264
0.439530
0.443938
0.301278
0.919115
0.100770
0.215479
0.297788
0.582022
0.594900
0.557595
0.185837
0.097623
0.296675
0.814573
0.970038
0.310702
0.048254
0.781193
0.590863
0.463632
0.345640
0.078957
0.042697
0.458645
0.785414
0.140128
0.893079
0.423291
0.271231
0.887248
0.909555
0.710761
0.331186
0.210833
0.629876
0.431956
0.426312
0.927664
0.013978
0.021212
0.485259
0.199815
0.118835
0.781934
0.014388
0.088873
0.092637
0.062643
0.870066
0.683499
0.526275
0.215705
0.762457
0.568972
0.674350
0.547871
0.709100
0.567430
0.971161
0.980331
0.454677
0.880716
0.691092
0.785863
0.091549
0.320967
0.217819
0.517860
0.248631
0.231797
0.539073
0.733891
0.431612
0.657908
0.515825
0.446001
0.746781
0.608462
0.508644
0.616847
0.291961
0.034918
0.832552
0.054417
0.603890
0.506903
0.602288
0.312990
0.074332
0.573450
0.293320
0.529010
0.454166
0.984412
0.314873
0.545715
0.305379
0.532692
0.063575
0.554010
0.764490
0.602648
0.287901
0.196102
0.260556
0.803726
0.642103
0.007337
0.412188
0.150746
0.624184
0.704149
0.185664
0.456736
0.758566
0.789554
0.963639
0.360855
0.102544
0.037971
0.934304
0.395864
0.566981
0.388471
0.380276
0.881854
0.934185
0.685655
0.414546
0.997761
0.239665
0.179036
0.600408
0.527566
0.375138
0.860964
0.331292
0.017241
0.868301
0.743480
0.167987
0.492484
0.447629
0.353651
0.949220
0.206195
0.143205
0.912859
0.567050
0.245749
0.950830
0.501354
0.641613
0.517810
0.889825
0.021888
0.399664
0.824010
0.707543
0.814210
0.821770
0.947208
0.993246
0.422179
0.474774
0.368384
0.283143
0.806066
0.385625
0.151444
0.549546
0.553612
0.643928
0.997175
0.907263
0.593148
0.203370
0.050468
0.506007
0.770420
0.296217
0.456837
0.271774
0.937829
0.974647
0.161598
0.959718
0.374311
0.985608
0.667261
0.188522
0.807379
0.614469
0.181768
0.229558
0.089243
0.550152
0.512700
0.895309
0.935777
0.664144
0.444855
0.489389
0.308072
0.442030
0.396651
0.901220
0.645400
0.447119
0.407227
0.415820
0.743336
0.864064
0.687594
0.681166
0.838712
0.849192
0.640883
0.213023
0.834800
0.308144
0.401545
0.642179
0.922613
0.583313
0.871736
0.011856
0.133465
0.384437
0.907164
0.069242
0.048581
0.352020
0.558630
0.356653
0.794050
0.955281
0.257873
0.439450
0.402401
0.665101
0.855270
0.145737
0.529165
0.542864
0.826902
0.367877
0.392055
0.467786
0.580900
0.226856
0.775930
0.982444
0.869034
0.698543
0.565757
0.740771
0.710398
0.699221
0.125208
0.617563
0.768463
0.173789
0.969582
0.327093
0.530442
0.763632
0.282374
0.788316
0.203082
0.684775
0.453416
0.058352
0.830512
0.982582
0.601216
0.657415
0.350458
0.993271
0.125200
0.931358
0.220127
0.901130
0.913802
0.089161
0.599673
0.479559
0.829932
0.310071
0.178780
0.955140
0.927633
0.947243
0.128929
0.897216
0.274336
0.659371
0.660848
0.556710
0.447687
0.863930
0.241486
0.901103
0.922282
0.071998
0.883685
0.523497
0.729412
0.234143
0.516768
0.854613
0.165501
0.736895
0.755743
0.079303
0.826056
0.355416
0.558862
0.655989
0.665487
0.737642
0.611129
0.593120
0.684885
0.740058
0.490335
0.959221
0.399429
0.151183
0.515931
0.847116
0.015113
0.757417
0.748219
0.937394
0.829414
0.631904
0.460892
0.558827
0.866047
0.977660
0.413440
0.031549
0.714555
0.169183
0.110852
0.540612
0.524598
0.669714
0.196600
0.190085
0.407356
0.807729
0.783205
0.092241
0.547787
0.273540
0.051461
0.947215
0.424723
0.567392
0.794331
0.439836
0.324809
0.542550
0.377230
0.154224
0.174454
0.838122
0.713051
0.040502
0.815782
0.126490
0.072051
0.530337
0.295673
0.182903
0.070949
0.820271
0.852616
0.267549
0.010356
0.259972
0.075278
0.793561
0.352213
0.623065
0.067101
0.403674
0.570280
0.491824
0.971067
0.364612
0.931660
0.295876
0.907162
0.308891
0.450100
0.081616
0.147012
0.163150
0.122118
0.962795
0.289640
0.194169
0.493132
0.585313
0.377071
0.564081
0.405585
0.229688
0.831630
0.415941
0.489660
0.906909
0.209501
0.841873
0.529974
0.276603
0.245547
0.100254
0.768427
0.216614
0.464865
0.700087
0.512490
0.372027
0.008978
0.962590
0.453644
0.155990
0.125740
0.575762
0.118785
0.415381
0.769930
0.611917
0.000694
0.147002
0.175998
0.406278
0.376689
0.007628
0.822219
0.866349
0.914537
0.031720
0.708223
0.444511
0.308323
0.953770
0.544765
0.076750
0.170384
0.009630
0.776837
0.682875
0.381657
0.785815
0.645465
0.835301
0.941805
0.771205
0.411063
0.060590
0.186586
0.180993
0.672506
0.187280
0.327994
0.848504
0.593558
0.704684
0.856132
0.415777
0.571033
0.770669
0.447498
0.279256
0.215180
0.755821
0.233026
0.759944
0.832571
0.403410
0.769574
0.609408
0.086285
0.151232
0.395222
0.731750
0.986533
0.337027
0.502955
0.397595
0.397617
0.689540
0.578588
0.070123
0.876820
0.906582
0.918627
0.470378
0.611266
0.774759
0.886155
0.182300
0.545428
0.333652
0.461555
0.760608
0.089473
0.694581
0.520552
0.922043
0.097991
0.290127
0.531451
0.184276
0.441358
0.926673
0.916026
0.427891
0.263700
0.418980
0.825486
0.661317
0.108520
0.404074
0.731440
0.985340
0.310657
0.650067
0.455718
0.921923
0.424825
0.341873
0.104223
0.970253
0.675525
0.565778
0.730861
0.764998
0.260359
0.251413
0.687041
0.358350
0.541540
0.218492
0.542627
0.982899
0.145166
0.458652
0.410790
0.408866
0.877633
0.236276
0.070183
0.986153
0.640350
0.801623
0.971493
0.951007
0.451690
0.427211
0.872930
0.876515
0.769083
0.977153
0.846769
0.444608
0.542931
0.577630
0.209606
0.803290
0.829043
0.896647
0.161640
0.370584
0.115140
0.704267
0.353482
0.260305
0.162919
0.764272
0.669172
0.040552
0.000548
0.739355
0.026705
0.640898
0.540978
0.998198
0.591905
0.992668
0.425409
0.464835
0.869183
0.194493
0.441988
0.715952
0.639101
0.984918
0.293581
0.848707
0.788208
0.122625
0.745355
0.949849
0.493208
0.860495
0.654116
0.846690
0.120800
0.817035
0.610962
0.789972
0.857587
0.611510
0.529326
0.884293
0.252408
0.070304
0.882491
0.844312
0.062972
0.307900
0.309147
0.932155
0.502393
0.751135
0.648107
0.141495
0.736053
0.941688
0.990202
0.524262
0.064313
0.735557
0.474110
0.557521
0.596052
0.128226
0.404211
0.716852
0.945261
0.015173
0.506823
0.802849
0.626683
0.036150
0.687141
0.879091
0.106454
0.569632
0.723403
0.169426
0.877533
0.032551
0.101581
0.379926
0.783686
0.749688
0.521421
0.519739
0.691375
0.511623
0.044000
0.755688
0.247180
0.518111
0.313209
0.843231
0.646337
0.717421
0.560083
0.591598
0.732594
0.066906
0.394446
0.359277
0.103055
0.081587
0.238368
0.209509
0.651220
0.961771
0.378936
0.528752
0.994322
0.480517
0.908679
0.778008
0.230204
0.430099
0.297747
0.921580
0.941722
0.341747
0.677268
0.188902
0.859858
0.990477
0.032133
0.506194
0.707898
0.592216
0.097792
0.440492
0.659122
0.492238
0.799769
0.762177
0.573825
0.038137
0.971687
0.225045
0.999908
0.350622
0.753798
0.994230
0.831139
0.662476
0.772238
0.061343
0.092575
0.069984
0.982923
0.034298
0.411731
0.660191
0.223200
0.271589
0.650668
0.255333
0.777783
0.358565
0.847549
0.875575
0.799057
0.506671
0.367813
0.598826
0.268848
0.941638
0.636963
0.240535
0.166684
0.636871
0.591157
0.920481
0.631101
0.422296
0.582957
0.403339
0.483639
0.675533
0.473324
0.466562
0.709830
0.885055
0.126753
0.933030
0.156644
0.777421
0.188363
0.934427
0.135986
0.035912
0.810002
0.935043
0.542582
0.177815
0.533869
0.811430
0.119454
0.170832
0.051965
0.286137
0.807704
0.643122
0.206619
0.438805
0.065419
0.789576
0.842144
0.549058
0.465108
0.315468
0.015620
0.174939
0.200524
0.142373
0.107969
0.357168
0.919794
0.296331
0.291595
0.055780
0.332243
0.101598
0.990824
0.874825
0.279413
0.524693
0.686256
0.398867
0.695525
0.738221
0.685004
0.503229
0.381343
0.891623
0.942034
0.446762
0.681198
0.784178
0.995819
0.146307
0.099647
0.011440
0.321245
0.300170
0.153813
0.429214
0.657338
0.073607
0.725546
0.948933
0.129387
0.057789
0.050531
0.120210
0.932614
0.329944
0.644903
0.618870
0.728810
0.340429
0.357090
0.413814
0.843658
0.738433
0.305437
0.785692
0.185195
0.986635
0.569870
0.181014
0.132942
0.669517
0.192454
0.454187
0.969687
0.346267
0.883402
0.627025
0.419873
0.608947
0.575959
0.549260
0.666736
0.626490
0.669471
0.599350
0.956433
0.314374
0.218219
0.685244
0.654803
0.575310
0.099058
0.498461
0.313743
0.404495
0.284152
0.498938
0.391131
0.854022
0.679953
0.524073
0.523539
0.872407
0.978260
0.493226
0.218673
0.861662
0.120252
0.638547
0.470609
0.696211
0.187807
0.137344
0.322700
0.857277
0.736694
0.279134
0.171651
0.954913
0.964378
0.826454
0.530223
0.063436
0.324915
0.843966
0.467931
0.609067
0.342905
0.859062
0.463089
0.022857
0.383135
0.986628
0.895264
0.361395
0.479855
0.113937
0.223056
0.600106
0.752484
0.693665
0.296317
0.940291
0.831009
0.619017
0.797568
0.567703
0.898151
0.969220
0.522617
0.862529
0.795674
0.052840
0.925965
0.120589
0.896807
0.393896
0.729655
0.239711
0.252958
0.192745
0.262569
0.636093
0.179373
0.157833
0.997487
0.659228
0.271770
0.220544
0.259334
0.024254
0.914209
0.555651
0.964545
0.745218
0.174668
0.762114
0.312922
0.072819
0.731333
0.835539
0.935347
0.527007
0.888379
0.861312
0.647596
0.785185
0.255208
0.377252
0.024897
0.508166
0.569996
0.287465
0.144259
0.749369
0.445298
0.141746
0.408597
0.717068
0.362290
0.667931
0.741322
0.276499
0.223581
0.705867
0.021717
0.398249
0.467981
0.334638
0.471068
0.199315
0.170177
0.406416
0.726322
0.058556
0.267728
0.373918
0.843741
0.522936
0.751170
0.868638
0.031102
0.321166
0.156103
0.175361
0.070535
0.601401
0.317107
0.479131
0.318469
0.679397
0.147062
0.059791
0.955896
0.370643
0.765659
0.977613
0.768893
0.233640
0.312251
0.239961
0.432954
0.482428
0.646377
0.159276
0.540984
0.914104
0.533194
0.384725
0.437040
0.284364
0.253364
0.468142
0.605530
0.409467
0.643503
0.676065
0.010868
0.960610
0.155196
0.329337
0.640007
0.302258
0.389128
0.595903
0.672901
0.154787
0.573515
0.441794
0.388427
0.885767
0.681755
0.821381
0.368195
0.328132
0.980657
0.909179
0.242236
0.513852
0.293905
0.679276
0.798216
0.547268
0.147418
0.403746
0.956735
0.790921
0.079810
0.967603
0.751531
0.235006
0.296941
0.391537
0.537264
0.686069
0.987440
0.210165
0.840856
0.560955
0.651959
0.229283
0.446722
0.333714
0.050664
0.814917
0.661846
0.031321
0.724096
0.904082
0.545173
0.018001
0.583358
0.343388
0.565269
0.730776
0.747134
0.522004
0.521697
0.826944
0.489608
0.273228
0.061950
0.786548
0.664765
0.599214
0.472617
0.652205
0.809380
0.313473
0.213161
0.461339
0.542756
0.659883
0.795054
0.593420
0.474800
0.456900
0.624741
0.198896
0.360981
0.169913
0.216897
0.944339
0.513302
0.782166
0.675115
0.260436
0.304170
0.196812
0.087380
0.793778
0.470040
0.149330
0.580326
0.134805
0.748545
0.052943
0.787010
0.557925
0.366416
0.000171
0.019264
0.909172
0.660053
0.814318
0.502592
0.134853
0.271217
0.127332
0.333749
0.632199
0.297246
0.550646
0.576538
0.810547
0.332813
0.251653
0.070983
0.636983
0.448466
0.158363
0.430761
0.918506
0.307693
0.011087
0.053311
0.056238
0.064031
0.840322
0.614162
0.430447
0.840492
0.633426
0.339619
0.500546
0.447744
0.842211
0.635399
0.718962
0.969543
0.969149
0.351160
0.266789
0.519795
0.927698
0.077336
0.852608
0.179351
0.148319
0.489591
0.627817
0.306682
0.920352
0.546323
0.614375
0.931440
0.599634
0.670612
0.995470
0.439956
0.284775
0.425917
0.280449
0.918201
0.765536
0.780995
0.365946
0.607747
0.416394
0.084907
0.577290
0.385543
0.436067
0.844079
0.905338
0.363765
0.921415
0.757946
0.543117
0.069734
0.247537
0.170934
0.376415
0.167889
0.717257
0.990790
0.099329
0.316892
0.661402
0.094799
0.756848
0.946177
0.520716
0.037296
0.864378
0.286252
0.818291
0.230324
0.893999
0.234685
0.315231
0.471289
0.620227
0.751298
0.315368
0.525565
0.115064
0.236783
0.283511
0.658181
0.306516
0.531047
0.829115
0.682932
0.698936
0.546372
0.673722
0.798265
0.863263
0.335124
0.893064
0.620111
0.281301
0.413780
0.657407
0.145680
0.700032
0.475698
0.376004
0.594031
0.710382
0.691235
0.065320
0.330610
0.442534
0.380688
0.856175
0.557597
0.617471
0.139685
0.215778
0.923987
0.670732
0.044893
0.606919
0.369669
0.591265
0.280641
0.167934
0.454528
0.615765
0.060998
0.074639
0.897066
0.474777
0.732046
0.042746
0.174809
0.207744
0.418750
0.768840
0.918127
0.109985
0.834160
0.248736
0.552519
0.214848
0.104911
0.110116
0.832319
0.244596
0.325894
0.756306
0.915328
0.370787
0.363225
0.284997
0.962052
0.643866
0.452930
0.416580
0.259631
0.513928
0.491219
0.156698
0.988705
0.223265
0.199444
0.163515
0.431010
0.618194
0.932355
0.349136
0.728179
0.766515
0.597872
0.280698
0.981364
0.702783
0.390814
0.813683
0.947379
0.716709
0.569989
0.862707
0.087496
0.933215
0.147704
0.049548
0.577081
0.600634
0.466128
0.836712
0.114562
0.957347
0.993410
0.103267
0.180612
0.192854
0.266781
0.611622
0.811049
0.199136
0.960758
0.539228
0.965652
0.558631
0.819926
0.947015
0.261414
0.210741
0.760698
0.208793
0.927449
0.330687
0.071500
0.014945
0.263902
0.219203
0.064493
0.840982
0.819837
0.530620
0.677695
0.934399
0.487967
0.671105
0.037666
0.668580
0.863959
0.304447
0.280202
0.675008
0.503584
0.240960
0.214236
0.469235
0.799591
0.034162
0.416250
0.061005
0.244903
0.176948
0.269798
0.172352
0.507636
0.341297
0.187297
0.771537
0.560501
0.251789
0.612520
0.380338
0.782410
0.290214
0.314737
0.270377
0.961319
0.352403
0.938957
0.825279
0.656851
0.219159
0.500286
0.160434
0.460119
0.714522
0.629670
0.259710
0.748685
0.045920
0.320715
0.993587
0.222869
0.590512
0.165939
0.730504
0.931810
0.353236
0.502041
0.492310
0.605025
0.114561
0.872649
0.387435
0.404775
0.187386
0.657813
0.366095
0.539789
0.596770
0.191373
0.196640
0.815929
0.691660
0.357074
0.276048
0.406182
0.986744
0.535757
0.154867
0.032664
0.856472
0.148454
0.255533
0.446984
0.314393
0.986037
0.378794
0.667629
0.488078
0.871104
0.272655
0.602639
0.743753
0.660090
0.007415
0.931139
0.317903
0.373510
0.470928
0.914673
0.564883
0.667568
0.730601
0.256543
0.024642
0.006649
0.662725
0.011386
0.542407
0.817592
0.044050
0.398879
0.966046
0.299583
0.845863
0.280439
0.285620
0.224656
0.948069
0.773698
0.095760
0.220723
0.376337
0.839513
0.880814
0.383752
0.770652
0.198717
0.757262
0.241580
0.113389
0.322145
0.909147
0.843991
0.578687
0.933789
0.850640
0.241412
0.945175
0.393047
0.059004
0.989225
0.791925
0.025050
0.288807
0.637788
0.305489
0.574427
0.862445
0.253558
0.348125
0.958205
0.474281
0.724463
0.797718
0.355095
0.108215
0.568370
0.553812
0.865476
0.809949
0.667201
0.187621
0.719097
0.511192
0.766308
0.652885
0.361832
0.007720
0.598060
0.754879
0.066724
0.587285
0.546804
0.091774
0.876092
0.184592
0.397263
0.450519
0.047037
0.650821
0.798644
0.005242
0.125102
0.523107
0.802960
0.480197
0.631322
0.371330
0.034008
0.496798
0.181279
0.701209
0.684419
0.900376
0.212401
0.450727
0.553261
0.574233
0.458448
0.151321
0.329112
0.525172
0.738606
0.875916
0.616946
0.614698
0.060508
0.014209
0.065217
0.107545
0.665030
0.863861
0.112786
0.790131
0.386968
0.915746
0.270328
0.018290
0.287076
0.304336
0.515088
0.468355
0.005545
0.199507
0.368730
0.217946
0.650234
0.921991
0.792179
0.108682
0.073313
0.121291
0.633853
0.811918
0.997207
0.250799
0.426617
0.057715
0.265008
0.491834
0.165260
0.930038
0.355695
0.278046
0.720170
0.742663
0.193792
0.990498
0.760953
0.480868
0.294834
0.276041
0.949223
0.300379
0.475548
0.317953
0.518325
0.125782
0.239945
0.310505
0.234463
0.313257
0.431796
0.868317
0.125176
0.429003
0.119116
0.551792
0.486718
0.384124
0.043626
0.651978
0.314163
0.399321
0.930025
0.034332
0.141985
0.123817
0.024830
0.902938
0.604685
0.319663
0.178979
0.553908
0.620043
0.654527
0.871862
0.138368
0.780308
0.111807
0.448873
0.014772
0.425064
0.880669
0.883088
0.550240
0.309672
0.002205
0.102032
0.796390
0.386329
0.145659
0.448369
0.700492
0.544980
0.378393
0.734824
0.686965
0.502210
0.759654
0.589902
0.106895
0.079317
0.768881
0.660804
0.699359
0.423408
0.532666
0.837727
0.203717
0.644473
0.286600
0.218488
0.069537
0.167269
0.101577
0.619777
0.476940
0.103781
0.721809
0.273331
0.490110
0.867468
0.721699
0.190602
0.412448
0.100092
0.925426
0.099412
0.602302
0.685079
0.689315
0.709198
0.764396
0.458196
0.370002
0.463756
0.881604
0.902668
0.301483
0.085321
0.547140
0.588083
0.303809
0.616677
0.755351
0.405385
0.236454
0.232292
0.509167
0.958263
0.505623
0.999277
0.825731
0.227322
0.189879
0.238179
0.327414
0.115304
0.337591
0.929717
0.800384
0.026905
0.638915
0.564780
0.485101
0.008916
0.028535
0.366706
0.911584
0.330018
0.452026
0.458724
0.918101
0.755835
0.075401
0.673452
0.161220
0.311855
0.905744
0.670387
0.270118
0.411367
0.669664
0.095849
0.638689
0.859543
0.334027
0.966103
0.974847
0.671618
0.895820
0.775231
0.698524
0.534735
0.340010
0.183625
0.543651
0.368546
0.550331
0.455235
0.698564
0.002357
0.913960
0.616665
0.758192
0.989361
0.290117
0.919412
0.301216
0.195862
0.589799
0.571334
0.607229
0.259463
0.667182
0.245918
0.119006
0.001210
0.212021
0.093853
0.672828
0.107841
0.869084
0.371351
0.642576
0.209094
0.554977
0.186227
0.577640
0.105307
0.641462
0.276204
0.107664
0.555421
0.892868
0.865856
0.544782
0.182986
0.785267
0.845998
0.378847
0.375066
0.417331
0.986076
0.634529
0.084513
0.231994
0.753535
0.085723
0.444015
0.847388
0.758551
0.551856
0.716472
0.129902
0.194432
0.925566
0.684879
0.380658
0.503206
0.790186
0.022120
0.779409
0.897850
0.577541
0.672278
0.763706
0.122323
0.855264
0.548973
0.968321
0.234111
0.924040
0.385652
0.220187
0.558569
0.470166
0.452181
0.312104
0.555889
0.896196
0.159492
0.314440
0.448053
0.875964
0.444342
0.642484
0.801530
0.129221
0.023142
0.304736
0.919407
0.045262
0.084146
0.817257
0.622804
0.756424
0.580963
0.745127
0.611687
0.129936
0.713448
0.845798
0.053976
0.099101
0.065985
0.612545
0.569266
0.518167
0.924649
0.125155
0.414363
0.084141
0.439595
0.862416
0.960106
0.883937
0.504900
0.761636
0.013159
0.528042
0.066372
0.932566
0.573305
0.150518
0.749823
0.196109
0.906942
0.330786
0.941236
0.518629
0.460722
0.654684
0.364427
0.514698
0.753785
0.430413
0.127242
0.323051
0.948579
0.051891
0.448207
0.362943
0.136032
0.887802
0.225359
0.096138
0.771740
0.730259
0.857774
0.784898
0.258301
0.924147
0.717464
0.831606
0.074665
0.467287
0.027715
0.981606
0.798073
0.968951
0.500235
0.258795
0.623635
0.864662
0.773493
0.377420
0.295075
0.900735
0.700471
0.243654
0.952626
0.148678
0.606597
0.088659
0.036480
0.831956
0.184797
0.808220
0.562214
0.042571
0.593118
0.820515
0.966718
0.310582
0.652121
0.041383
0.777869
0.679836
0.022989
0.575943
0.648787
0.523224
0.834738
0.272421
0.387886
0.608231
0.649841
0.682961
0.508966
0.350312
0.926615
0.461593
0.498990
0.533212
0.550252
0.535470
0.365168
0.735049
0.343690
0.927382
0.777620
0.936808
0.747897
0.744338
0.247389
0.400018
0.785721
0.025259
0.079854
0.808710
0.601201
0.728641
0.331934
0.435939
0.001062
0.719820
0.044170
0.650903
0.402781
0.553136
0.001216
0.329396
0.014729
0.500206
0.862608
0.564981
0.035676
0.227775
0.300030
0.379366
0.155157
0.077650
0.316173
0.903054
0.821989
0.563563
0.303073
0.607710
0.588821
0.382927
0.416419
0.190022
0.111568
0.748353
0.625961
0.112630
0.468173
0.670132
0.763533
0.870953
0.223268
0.764749
0.200349
0.237997
0.264954
0.062957
0.802979
0.300630
0.290732
0.103009
0.679996
0.445889
0.180659
0.996169
0.348943
0.002648
0.559731
0.652016
0.610357
0.148553
0.034943
0.026777
0.338575
0.146510
0.775129
0.964536
0.259140
0.243302
0.634668
0.022674
0.114255
0.857936
0.787422
0.314604
0.095934
0.052377
0.377561
0.898912
0.353007
0.668293
0.001921
0.033003
0.114182
0.182580
0.029172
0.463125
0.185228
0.588903
0.115141
0.795585
0.737455
0.150084
0.822362
0.076030
0.296594
0.597491
0.040567
0.555734
0.840793
0.675235
0.578408
0.955048
0.533171
0.365830
0.269652
0.629104
0.418207
0.647213
0.528017
0.771214
0.315506
0.529938
0.804217
0.429688
0.712517
0.833388
0.892813
0.897745
0.422291
0.007954
0.693330
0.159747
0.158037
0.515692
0.235777
0.454631
0.113183
0.276344
0.010366
0.953976
0.951578
0.588774
0.909024
0.484749
0.954604
0.178676
0.113854
0.372812
0.825889
0.641870
0.144026
0.141395
0.171808
0.948243
0.571082
0.884325
0.781631
0.463895
0.782070
0.203922
0.471849
0.475401
0.363669
0.629886
0.991092
0.599446
0.084517
0.104275
0.875790
0.094883
0.058251
0.827368
0.683657
0.967276
0.312117
0.638261
0.145952
0.425971
0.011073
0.971841
0.067841
0.155099
0.113236
0.239649
0.103342
0.684319
0.123974
0.884973
0.148214
0.906044
0.088895
0.620063
0.381445
0.452564
0.249949
0.372537
0.052010
0.334466
0.476813
0.927800
0.429349
0.535064
0.755168
0.113006
0.502340
0.067285
0.751268
0.648292
0.493256
0.762341
0.620133
0.561098
0.917440
0.733369
0.800747
0.020781
0.417688
0.924721
0.905754
0.565902
0.830765
0.994649
0.185964
0.212210
0.447213
0.435913
0.584748
0.499223
0.770379
0.061560
0.427023
0.199728
0.596625
0.182191
0.312735
0.098964
0.249477
0.064003
0.747256
0.742733
0.826343
0.367389
0.303831
0.743783
0.100758
0.104577
0.764564
0.518446
0.029298
0.670318
0.084347
0.860063
0.664967
0.270312
0.072273
0.112180
0.706225
0.657021
0.611404
0.476603
0.718581
0.038427
0.676332
0.315205
0.220619
0.989066
0.414170
0.470096
0.053069
0.161426
0.212829
0.879412
0.528815
0.516659
0.623195
0.629573
0.621237
0.387760
0.148018
0.650534
0.058078
0.232366
0.510597
0.723045
0.502678
0.582870
0.835226
0.208902
0.239891
0.446630
0.685506
0.958472
0.485057
0.361837
0.273677
0.705676
0.350904
0.687847
0.175771
0.403972
0.849272
0.388600
0.283385
0.378087
0.905259
0.906580
0.007659
0.526496
0.294340
0.155678
0.177030
0.352418
0.388044
0.687627
0.075463
0.890721
0.270497
0.910689
0.099623
0.510388
0.357318
0.785129
0.468860
0.842375
0.146966
0.742537
0.548051
0.497869
0.430383
0.723822
0.901842
0.279656
0.112422
0.185226
0.657742
0.017681
0.091806
0.665402
0.544177
0.386146
0.821080
0.721207
0.738564
0.209123
0.408834
0.814027
0.099844
0.679332
0.724716
0.199468
0.189720
0.082034
0.984596
0.658580
0.924410
0.131562
0.401116
0.472461
0.629432
0.831499
0.196283
0.531274
0.111155
0.308705
0.716500
0.768897
0.326386
0.808307
0.434299
0.870563
0.194453
0.255379
0.591770
0.933016
0.464502
0.000604
0.747043
0.564347
0.679936
0.471759
0.763814
0.869656
0.553793
0.748411
0.528236
0.478203
0.879973
0.929352
0.950663
0.509405
0.760852
0.146946
0.040679
0.872007
0.455651
0.757179
0.640904
0.782037
0.565485
0.075203
0.652600
0.759938
0.330582
0.244370
0.692954
0.795085
0.244974
0.439998
0.359431
0.924910
0.911757
0.123246
0.794567
0.465550
0.871657
0.322803
0.943753
0.751630
0.252155
0.894416
0.261035
0.013007
0.041362
0.301714
0.885013
0.497013
0.058892
0.525917
0.279050
0.624378
0.601120
0.931649
0.384316
0.931703
0.176019
0.077270
0.726787
0.420993
0.517268
0.086219
0.345904
0.429024
0.209464
0.140470
0.894574
0.081121
0.463273
0.838327
0.832751
0.715428
0.732743
0.093786
0.728435
0.774105
0.395499
0.613448
0.271118
0.454392
0.139365
0.550167
0.078769
0.740485
0.481816
0.463085
0.672188
0.657835
0.540355
0.398975
0.078829
0.057623
0.485194
0.424732
0.486647
0.694658
0.565202
0.381221
0.775779
0.028476
0.219548
0.608530
0.743904
0.952291
0.702316
0.472338
0.726396
0.097815
0.085786
0.997514
0.552207
0.225150
0.547681
0.630976
0.965636
0.029498
0.094061
0.637823
0.687333
0.634417
0.036798
0.766162
0.692039
0.521992
0.190894
0.178687
0.216650
0.756096
0.559908
0.992429
0.784572
0.779457
0.600959
0.528475
0.731748
0.303275
0.000813
0.458144
0.401090
0.086599
0.455658
0.953297
0.311749
0.003339
0.584273
0.277385
0.032836
0.678334
0.915208
0.720169
0.312751
0.952006
0.486331
0.004790
0.473998
0.677224
0.183477
0.690648
0.433320
0.743385
0.683077
0.217892
0.522842
0.284037
0.746367
0.254590
0.587311
0.747180
0.712734
0.988401
0.833779
0.168391
0.941698
0.145528
0.171730
0.525971
0.422913
0.204566
0.204306
0.338121
0.924736
0.517057
0.290127
0.411066
0.521847
0.764126
0.088291
0.705324
0.454774
0.521611
0.448710
0.137852
0.739503
0.971552
0.421888
0.485870
0.226142
0.009200
0.233050
0.938875
0.997601
0.066829
0.107267
0.939299
0.212358
0.278997
0.465270
0.635270
0.483563
0.669576
0.973391
0.408299
0.186633
0.263519
0.819366
0.708480
0.027645
0.907656
0.413804
0.482419
0.429268
0.862514
0.620270
0.168771
0.834066
0.042159
0.654641
0.060208
0.051358
0.887692
0.999083
0.048959
0.954521
0.106350
0.988258
0.166879
0.385347
0.453529
0.802149
0.868911
0.123105
0.775541
0.277210
0.309738
0.039059
0.096575
0.018218
0.066704
0.004232
0.432023
0.549123
0.433500
0.294537
0.169393
0.602271
0.128603
0.211552
0.256912
0.188811
0.262910
0.144604
0.187894
0.311869
0.099125
0.294244
0.300128
0.266004
0.679592
0.753657
0.068153
0.548502
0.876762
0.843693
0.825712
0.186500
0.882753
0.922287
0.204718
0.949457
0.926519
0.636741
0.498580
0.360018
0.931277
0.667973
0.962289
0.059880
0.879524
0.219201
0.248691
0.142434
0.363805
0.436586
0.454304
0.462929
0.730830
0.754431
0.728933
0.410422
0.508088
0.797086
0.958924
0.384850
0.640779
0.784636
0.571350
0.523532
0.706923
0.776068
0.472989
0.633442
0.412808
0.971568
0.993460
0.344086
0.639541
0.955749
0.403966
0.519066
0.174950
0.652657
0.661500
0.538755
0.089243
0.115804
0.001684
0.820073
0.870235
0.730617
0.230494
0.378323
0.527703
0.189418
0.763173
0.168482
0.974054
0.334523
0.692015
0.680976
0.110591
0.165004
0.314418
0.523400
0.136572
0.307878
0.867485
0.776113
0.263627
0.271451
0.295179
0.438577
0.924109
0.956679
0.977332
0.013352
0.072483
0.979016
0.833425
0.942718
0.709633
0.063919
0.321041
0.237336
0.253337
0.084214
0.405818
0.227391
0.418737
0.097833
0.908367
0.529328
0.262836
0.222785
0.052728
0.399408
0.530663
0.920213
0.175522
0.794291
0.191665
0.470700
0.232868
0.115773
0.427379
0.210200
0.129125
0.499862
0.189215
0.962549
0.442579
0.898848
0.026468
0.763620
0.136184
0.279805
0.847834
0.542002
0.507196
0.266572
0.639835
0.415563
0.795900
0.902672
0.638348
0.848628
0.302080
0.169012
0.768841
0.477602
0.963302
0.960506
0.948302
0.196170
0.076279
0.375681
0.406370
0.205404
0.875543
0.595585
0.167953
0.318122
0.494433
0.194422
0.081742
0.630617
0.474227
0.929577
0.172620
0.981423
0.196148
0.812455
0.396986
0.992048
0.715126
0.035335
0.840676
0.017206
0.204346
0.609517
0.494808
0.167648
0.570023
0.443110
0.363818
0.646302
0.818791
0.770188
0.851706
0.694334
0.365773
0.019660
0.012456
0.860207
0.214081
0.094198
0.490824
0.688308
0.023775
0.663443
0.669732
0.219923
0.475898
0.066718
0.211972
0.191025
0.102053
0.052648
0.208231
0.306399
0.662165
0.703039
0.474047
0.232188
0.146149
0.837866
0.878490
0.964940
0.608054
0.730196
0.659273
0.973827
0.749856
0.671729
0.834034
0.963937
0.765927
0.324858
0.652246
0.789702
0.988301
0.321977
0.009625
0.464199
0.388695
0.221597
0.655224
0.490748
0.274245
0.863455
0.797147
0.936410
0.566494
0.271194
0.168598
0.712643
0.109060
0.047088
0.677583
0.717114
0.777285
0.336856
0.690941
0.527141
0.008585
0.524975
0.491078
0.774513
0.849832
0.143324
0.564215
0.838134
0.465301
0.573840
0.302333
0.853996
0.795437
0.957557
0.344744
0.069681
0.821012
0.141891
0.006091
0.387506
0.413085
0.174689
0.100149
0.522145
0.221777
0.777732
0.239258
0.999062
0.114588
0.930199
0.526203
0.123173
0.455174
0.017281
0.897686
0.305006
0.160605
0.461901
0.143140
0.625906
0.035741
0.445473
0.479902
0.831178
0.403030
0.824646
0.900859
0.224042
0.966538
0.906950
0.611548
0.379623
0.081639
0.711697
0.901768
0.303417
0.489429
0.141026
0.302479
0.604017
0.071225
0.828682
0.727191
0.526399
0.845962
0.624877
0.831405
0.006567
0.086778
0.974545
0.632473
0.122519
0.420018
0.112375
0.953696
0.823047
0.937021
0.854555
0.047089
0.903559
0.761505
0.658637
0.283181
0.843145
0.370334
0.184949
0.146561
0.859764
0.325975
0.449040
0.463781
0.397200
0.277721
0.190972
0.923599
0.123684
0.815849
0.755005
0.130251
0.902627
0.729550
0.762723
0.025145
0.149567
0.875098
0.978842
0.972614
0.812119
0.833397
0.019704
0.715677
0.594902
0.678341
0.998859
0.438047
0.048675
0.183808
0.584608
0.908439
0.509783
0.033648
0.372220
0.906983
0.311370
0.563192
0.830583
0.435053
0.379040
0.585587
0.565304
0.281667
0.315137
0.328028
0.306813
0.464704
0.203125
0.285654
0.437319
0.015244
0.119051
0.457022
0.730921
0.713954
0.135363
0.729780
0.152000
0.184038
0.913588
0.736609
0.092476
0.423371
0.770257
0.464696
0.330354
0.081626
0.027888
0.160936
0.516680
0.406928
0.746523
0.081984
0.688595
0.061660
0.410011
0.995408
0.526364
0.613137
0.281062
0.963683
0.628381
0.400113
0.420705
0.359302
0.114067
0.556068
0.089082
0.266067
0.740106
0.002670
0.002676
0.832582
0.426041
0.772932
0.297278
0.756395
0.854558
0.325166
0.917331
0.371238
0.732094
0.663854
0.453222
0.420689
0.725515
0.863233
0.416097
0.251879
0.476370
0.697159
0.215562
0.104751
0.097272
0.636267
0.464053
0.211339
0.192335
0.553135
0.477406
0.932440
0.555806
0.480082
0.765022
0.981846
0.253014
0.062300
0.738241
0.107573
0.387466
0.655572
0.478811
0.119560
0.319426
0.932032
0.540249
0.044941
0.795265
0.956346
0.296820
0.271635
0.653505
0.512381
0.376386
0.750777
0.148648
0.840438
0.962116
0.340983
0.393574
0.439522
0.273423
0.949379
0.919604
0.038445
0.931226
0.172618
0.100745
0.669467
0.280190
0.488211
0.325038
0.759001
0.607771
0.644465
0.691033
0.148021
0.689405
0.486299
0.104367
0.986225
0.757934
0.757872
0.498606
0.134319
0.508649
0.647255
0.974757
0.470765
0.988237
0.368331
0.910287
0.261660
0.317710
0.829891
0.300105
0.248936
0.002508
0.400850
0.918402
0.282699
0.889062
0.243441
0.041700
0.496833
0.887905
0.732733
0.644854
0.577311
0.219032
0.749221
0.563536
0.976965
0.507093
0.062142
0.111284
0.015742
0.709397
0.086042
0.486507
0.697634
0.454373
0.396794
0.959295
0.772083
0.226684
0.259400
0.021019
0.229193
0.660250
0.939421
0.511892
0.549312
0.182862
0.553592
0.046145
0.070768
0.286325
0.690999
0.648079
0.505357
0.440219
0.211615
0.482322
0.947312
0.273757
0.593606
0.963054
0.983154
0.679648
0.449560
0.680788
0.134021
0.846354
0.640083
0.906105
0.073038
0.899483
0.927124
0.302231
0.559733
0.866545
0.814123
0.109045
0.049408
0.367715
0.155190
0.120175
0.654039
0.846189
0.768254
0.159396
0.286408
0.979869
0.641718
0.233720
0.253626
0.235324
0.196774
0.236779
0.914973
0.646334
0.917568
0.048994
0.492689
0.557651
0.955099
0.565727
0.457134
0.882223
0.867958
0.016867
0.748768
0.682081
0.125912
0.798176
0.049796
0.281102
0.918351
0.703835
0.127291
0.686605
0.863231
0.413699
0.666474
0.504949
0.647419
0.920100
0.740273
0.844194
0.156879
0.655246
0.490528
0.074447
0.704241
0.983217
0.632097
0.659340
0.548943
0.089231
0.541562
0.416901
0.106097
0.290330
0.098983
0.232009
0.088506
0.148778
0.513111
0.006857
0.852613
0.640401
0.693462
0.715844
0.054101
0.359936
0.220793
0.701520
0.280036
0.961067
0.545713
0.436915
0.616313
0.036242
0.511362
0.320554
0.019458
0.143459
0.979893
0.568401
0.232690
0.521456
0.985303
0.338787
0.811786
0.084285
0.570796
0.900292
0.233064
0.083907
0.907150
0.085677
0.724308
0.600612
0.801521
0.778409
0.960549
0.022314
0.479929
0.240585
0.983381
0.025642
0.677500
0.599694
0.061884
0.188861
0.920248
0.081342
0.332320
0.900141
0.649743
0.565010
0.421597
0.635046
0.903797
0.233384
0.719331
0.474593
0.133676
0.952395
0.558499
0.040826
0.038072
0.282808
0.641438
0.839593
0.061216
0.601986
0.861907
0.541145
0.842571
0.845289
0.566787
0.520070
0.444983
0.628671
0.708932
0.365231
0.710012
0.041252
0.265373
0.359756
0.606261
0.686970
0.994802
0.510058
0.920354
0.714133
0.984651
0.054030
0.666528
0.543150
0.094855
0.704600
0.825958
0.736293
0.544193
0.887174
0.338279
0.406100
0.428319
0.180850
0.251389
0.995106
0.700920
0.696372
0.623777
0.409852
0.061603
0.333790
0.451103
0.326976
0.693545
0.057365
0.013945
0.688347
0.567423
0.934299
0.402480
0.552073
0.988329
0.069008
0.095224
0.083184
0.773607
0.921181
0.819476
0.317800
0.808356
0.157755
0.723900
0.236675
0.338605
0.975289
0.231782
0.039525
0.671660
0.855559
0.449377
0.733263
0.189349
0.900480
0.060239
0.882894
0.957844
0.074184
0.571241
0.525267
0.008483
0.973721
0.077340
0.996812
0.042729
0.172564
0.079995
0.816336
0.093745
0.899472
0.134136
0.902101
0.057227
0.858035
0.138776
0.395832
0.833324
0.370558
0.435357
0.504984
0.226117
0.884734
0.238248
0.415466
0.785214
0.298486
0.298360
0.743059
0.372671
0.869601
0.268326
0.381154
0.843322
0.345666
0.377966
0.886050
0.518230
0.457961
0.702386
0.611975
0.357433
0.836522
0.514077
0.414660
0.694557
0.652853
0.810492
0.527881
0.023411
0.245849
0.032865
0.249528
0.130583
0.271113
0.664993
0.915797
0.569599
0.963353
0.658856
0.942270
0.832954
0.927181
0.323424
0.676276
0.272847
0.701390
0.562327
0.791077
0.159351
0.264713
0.403052
0.516784
0.101235
0.917129
0.931444
0.795792
0.569982
0.741936
0.323673
0.593393
0.987785
0.356538
0.842921
0.118368
0.627651
0.507914
0.034166
0.197251
0.471267
0.693022
0.139520
0.304222
0.620203
0.462944
0.980498
0.893050
0.164334
0.542824
0.684127
0.323685
0.807537
0.087180
0.840468
0.908772
0.004308
0.771912
0.704564
0.574290
0.513847
0.028237
0.167683
0.501632
0.384775
0.010603
0.620001
0.012426
0.518517
0.654166
0.209677
0.989785
0.347188
0.349197
0.294006
0.967391
0.812142
0.274504
0.860441
0.976476
0.817329
0.544568
0.300161
0.624866
0.631748
0.140629
0.533638
0.636056
0.912541
0.238202
0.210346
0.426388
0.266438
0.378029
0.928021
0.651213
0.388633
0.548021
0.663640
0.907150
0.202188
0.873317
0.896935
0.549376
0.222514
0.190941
0.516766
0.034656
0.465445
0.377208
0.011132
0.282774
0.921776
0.311292
0.907639
0.553524
0.451921
0.441277
0.189580
0.364462
0.679479
0.399927
0.790851
0.945917
0.777956
0.718871
0.597130
0.166589
0.266893
0.260770
0.073739
0.469081
0.134087
0.970673
0.018456
0.356601
0.161614
0.535223
0.391257
0.627060
0.912430
0.402389
0.909833
0.834206
0.713681
0.817473
0.387730
0.165602
0.258750
0.577310
0.530065
0.938228
0.977237
0.320916
0.884145
0.755193
0.039787
0.481276
0.921781
0.306680
0.742046
0.995520
0.775760
0.876133
0.966193
0.794216
0.232734
0.127808
0.329439
0.623991
0.754867
0.241869
0.026380
0.664700
0.076075
0.740061
0.482173
0.463805
0.905663
0.740923
0.041115
0.435728
0.679151
0.018352
0.756644
0.563297
0.773545
0.796431
0.044572
0.695326
0.103111
0.786619
0.690846
0.878871
0.662752
0.657039
0.673087
0.895486
0.784847
0.002526
0.519477
0.539714
0.244396
0.545857
0.204415
0.320471
0.285918
0.686588
0.784276
0.191581
0.427510
0.825391
0.627309
0.106661
0.843743
0.383953
0.669958
0.617288
0.180384
0.714530
0.312614
0.283494
0.501149
0.003459
0.162365
0.163901
0.660498
0.835453
0.059387
0.445345
0.837979
0.578864
0.985059
0.082375
0.124721
0.189474
0.402845
0.410639
0.876061
0.187121
0.602220
0.303571
0.012513
0.229529
0.410233
0.856256
0.613482
0.080190
0.473544
0.793866
0.794721
0.786157
0.077361
0.295869
0.789617
0.239726
0.459770
0.450115
0.075179
0.519157
0.895460
0.913158
0.098021
0.880520
0.995533
0.222742
0.069993
0.398378
0.633380
0.946055
0.585500
0.235600
0.249626
0.598013
0.465130
0.659859
0.454269
0.078612
0.740049
0.927812
0.872479
0.534770
0.713970
0.949839
0.830639
0.503587
0.189566
0.290409
0.953702
0.264744
0.809566
0.849162
0.177903
0.907587
0.729682
0.173435
0.130328
0.799675
0.571814
0.763709
0.745730
0.157313
0.999309
0.995356
0.755326
0.464439
0.655215
0.209594
0.543051
0.395264
0.137407
0.415530
0.930033
0.851377
0.365369
0.760672
0.354963
0.554935
0.051081
0.308665
0.819679
0.860647
0.157827
0.997582
0.768234
0.887509
0.171017
0.898562
0.687184
0.742831
0.662271
0.432913
0.900144
0.661581
0.428269
0.655470
0.126020
0.083484
0.865064
0.669071
0.478748
0.002471
0.084601
0.408781
0.853848
0.449970
0.169453
0.208811
0.004904
0.220534
0.517476
0.824584
0.081182
0.675303
0.822165
0.849416
0.562812
0.993182
0.747978
0.249996
0.736013
0.410250
0.682909
0.636157
0.071830
0.111179
0.291627
0.197850
0.194662
0.156692
0.866921
0.673410
0.159163
0.951521
0.082191
0.013011
0.401491
0.251644
0.221822
0.406395
0.472178
0.739298
0.230979
0.553360
0.414601
0.053144
0.402776
0.977414
0.046326
0.150754
0.227409
0.782339
0.561004
0.910319
0.418497
0.632834
0.021497
0.710124
0.830684
0.216160
0.866815
0.697605
0.889570
0.025978
0.649126
0.971761
0.038989
0.050617
0.223405
0.260810
0.457012
0.695583
0.000109
0.687991
0.248943
0.414710
0.741136
0.651719
0.392124
0.787462
0.802474
0.619533
0.569801
0.363478
0.529852
0.988298
0.996312
0.551349
0.698422
0.826996
0.767508
0.565237
0.524601
0.657078
0.591215
0.173727
0.628839
0.630204
0.224344
0.852243
0.891014
0.681356
0.547826
0.891123
0.369348
0.796769
0.305833
0.110483
0.448489
0.697956
0.897945
0.250962
0.317489
0.467747
0.614440
0.847341
0.456045
0.610752
0.398690
0.154466
0.437748
0.166198
0.719703
0.962349
0.823276
0.310919
0.136076
0.452115
0.941122
0.360420
0.304358
0.832137
0.041777
0.852184
0.723259
0.411125
0.648954
0.029092
0.521608
0.097442
0.727048
0.419553
0.348405
0.044538
0.887300
0.962845
0.891879
0.343345
0.573597
0.290569
0.497811
0.011345
0.456767
0.217515
0.973694
0.280043
0.528433
0.109771
0.732158
0.469555
0.470191
0.036516
0.301692
0.511968
0.888700
0.024951
0.923093
0.537654
0.054043
0.444701
0.635096
0.781092
0.864254
0.983501
0.825630
0.751554
0.946346
0.717509
0.094898
0.519942
0.008077
0.592709
0.531287
0.464844
0.810224
0.504982
0.744887
0.338657
0.614752
0.477045
0.808212
0.084944
0.513561
0.109904
0.596912
0.402262
0.134855
0.520004
0.939916
0.188899
0.964705
0.575012
0.969991
0.828959
0.558513
0.795620
0.580512
0.504858
0.513129
0.675410
0.024801
0.521206
0.268120
0.556088
0.986050
0.078343
0.061069
0.730937
0.417000
0.675822
0.207982
0.225212
0.760765
0.721544
0.335116
0.357677
0.123805
0.469972
0.877682
0.063721
0.658871
0.842387
0.638733
0.628861
0.671345
0.197246
0.424482
0.251858
0.702104
0.937611
0.927268
0.726905
0.458817
0.195388
0.282992
0.444867
0.273731
0.344062
0.175804
0.690731
0.019883
0.383786
0.915943
0.780649
0.105330
0.251060
0.138326
0.229135
0.721031
0.016008
0.292856
0.379902
0.858394
0.931589
0.008763
0.529740
0.128835
0.433245
0.781598
0.830939
0.370856
0.708866
0.557844
0.829672
0.904254
0.840836
0.274539
0.177985
0.184898
0.450343
0.868716
0.204781
0.834130
0.784660
0.985430
0.939460
0.035719
0.123756
0.168595
0.756751
0.139764
0.461451
0.136653
0.998158
0.393041
0.145416
0.527898
0.521876
0.578661
0.309496
0.352815
0.949517
0.018362
0.910658
0.779189
0.922616
0.751494
0.053728
0.100601
0.936392
0.504071
0.969317
0.141173
0.338201
0.753976
0.126603
0.277661
0.789696
0.250359
0.446256
0.546447
0.390123
0.907707
0.683099
0.388281
0.300748
0.828516
0.916179
0.822623
0.407177
0.225675
0.175438
0.356693
0.244037
0.086096
0.135882
0.166653
0.837590
0.189610
0.267253
0.773982
0.693682
0.236570
0.915155
0.031883
0.990547
0.041759
0.309543
0.780243
0.292118
0.755799
0.326689
0.682241
0.663506
0.009789
0.070522
0.964253
0.838304
0.986702
0.786876
0.245481
0.212377
0.962314
0.602174
0.456414
0.048410
0.738056
0.623067
0.886000
0.927666
0.890320
0.659983
0.621348
0.126890
0.575138
0.653231
0.117437
0.616897
0.962774
0.897680
0.909015
0.718572
0.224369
0.591255
0.382078
0.234157
0.661778
0.346331
0.072461
0.648480
0.133207
0.317942
0.860857
0.095521
0.920116
0.317271
0.143931
0.658172
0.940337
0.029932
0.585839
0.830657
0.689914
0.207187
0.957548
0.265052
0.860417
0.074985
0.881949
0.823191
0.972664
0.790963
0.541764
0.197033
0.382219
0.923842
0.431190
0.043996
0.270173
0.503651
0.692476
0.403380
0.821593
0.553332
0.498902
0.741709
0.870603
0.642833
0.399882
0.810940
0.672765
0.985720
0.641598
0.362679
0.192907
0.599145
0.627731
0.053324
0.674130
0.509679
0.876516
0.646794
0.300642
0.418279
0.843827
0.682861
0.342121
0.275017
0.726857
0.612294
0.778668
0.419333
0.015674
0.600261
0.972665
0.514576
0.341971
0.843268
0.157409
0.741852
0.654209
0.830174
0.727573
0.295806
0.192852
0.920480
0.894952
0.820583
0.973804
0.569081
0.330262
0.850320
0.215875
0.630904
0.268599
0.059702
0.313765
0.610719
0.334719
0.040623
0.223013
0.113387
0.459956
0.238687
0.713648
0.432621
0.753263
0.055619
0.275890
0.910671
0.797472
0.930098
0.740845
0.525044
0.225904
0.933697
0.445524
0.120856
0.754280
0.419328
0.689937
0.084542
0.269647
0.905813
0.715447
0.538246
0.965515
0.029212
0.148966
0.300234
0.069835
0.371978
0.413621
0.529790
0.610665
0.127269
0.962412
0.363928
0.182889
0.238301
0.274599
0.980360
0.168399
0.015444
0.505404
0.394304
0.949142
0.950928
0.515160
0.703422
0.370256
0.205097
0.787964
0.639903
0.110910
0.503411
0.178150
0.076425
0.532624
0.327115
0.376659
0.602459
0.699094
0.790280
0.132249
0.309759
0.917549
0.094661
0.673687
0.100438
0.332962
0.948286
0.080798
0.501361
0.963731
0.586202
0.895665
0.912872
0.537130
0.410824
0.616294
0.907386
0.615921
0.404259
0.547290
0.726831
0.907670
0.725439
0.803256
0.440294
0.052554
0.179914
0.042752
0.751648
0.970194
0.175002
0.061407
0.887743
0.269662
0.735093
0.988181
0.602624
0.683380
0.068979
0.103985
0.647110
0.655181
0.999649
0.559982
0.192311
0.410473
0.176276
0.099698
0.026394
0.580535
0.646987
0.753225
0.488205
0.372426
0.556481
0.928499
0.424981
0.736395
0.971251
0.176628
0.706590
0.146253
0.238035
0.594333
0.415915
0.973128
0.582514
0.018539
0.656508
0.651493
0.122523
0.303618
0.306674
0.122172
0.863600
0.498985
0.532646
0.039877
0.598683
0.559040
0.620412
0.245670
0.312265
0.108617
0.618096
0.868746
0.037116
0.043077
0.605141
0.008367
0.219705
0.311731
0.154620
0.457740
0.906064
0.570535
0.430868
0.488577
0.589073
0.087376
0.140070
0.711597
0.390994
0.446744
0.833769
0.254594
0.945729
0.366415
0.294470
0.544412
0.925455
0.914882
0.790082
0.237720
0.023498
0.408178
0.106466
0.060614
0.451255
0.711607
0.068981
0.670960
0.023338
0.223601
0.128700
0.929401
0.794135
0.559568
0.417979
0.383209
0.646944
0.558049
0.094806
0.037937
0.004792
0.928575
0.292531
0.950521
0.294989
0.587001
0.494933
0.220444
0.501883
0.285014
0.458164
0.525381
0.693192
0.564630
0.585995
0.144447
0.276237
0.654976
0.815407
0.299574
0.878577
0.944107
0.228976
0.672713
0.503675
0.646955
0.055921
0.150618
0.205003
0.150727
0.188556
0.209796
0.079302
0.481087
0.160317
0.374291
0.068088
0.655250
0.594735
0.569971
0.940264
0.052899
0.095352
0.633456
0.617529
0.681347
0.777903
0.893766
0.336324
0.593310
0.193340
0.214901
0.537417
0.422316
0.887613
0.041092
0.069270
0.943535
0.191711
0.274274
0.094262
0.380266
0.484070
0.173563
0.861353
0.644387
0.547854
0.929441
0.299637
0.142589
0.499412
0.239901
0.195488
0.594764
0.873357
0.813017
0.276111
0.651261
0.706783
0.612435
0.244571
0.900123
0.827336
0.781989
0.322439
0.714949
0.823081
0.391709
0.658484
0.014791
0.665983
0.752746
0.395058
0.150053
0.926309
0.256411
0.794439
0.474163
0.185851
0.094076
0.616752
0.685263
0.333977
0.812241
0.280027
0.207334
0.625258
0.556138
0.858595
0.332041
0.168573
0.103166
0.232164
0.995909
0.885155
0.554602
0.710858
0.708235
0.946312
0.369343
0.723027
0.612295
0.122088
0.118084
0.762347
0.048397
0.374495
0.556787
0.522560
0.560346
0.650863
0.139313
0.245609
0.984839
0.951554
0.525636
0.192173
0.576812
0.081774
0.050768
0.908853
0.250346
0.153934
0.141017
0.246255
0.039089
0.695619
0.957114
0.747324
0.641931
0.326456
0.470351
0.254225
0.448544
0.588435
0.016573
0.496942
0.962929
0.573359
0.019502
0.523276
0.224222
0.158815
0.768885
0.209061
0.110368
0.294521
0.401235
0.687180
0.376295
0.452003
0.596033
0.626641
0.605937
0.737050
0.872896
0.645025
0.432669
0.830010
0.392349
0.074600
0.156466
0.862700
0.328825
0.605010
0.451135
0.345398
0.101952
0.414064
0.918757
0.121454
0.937340
0.142979
0.280268
0.706225
0.352041
0.390637
0.000746
0.753275
0.077817
0.377041
0.205278
0.673850
0.003682
0.811215
0.410900
0.876578
0.456240
0.843569
0.706588
0.848589
0.918169
0.863054
0.711289
0.246994
0.468064
0.162424
0.592392
0.570015
0.576488
0.511149
0.691469
0.513828
0.654129
0.971737
0.220053
0.006169
0.362374
0.220798
0.759444
0.440191
0.597839
0.964722
0.114041
0.601521
0.775937
0.524941
0.478099
0.232177
0.368510
0.184686
0.080767
0.286679
0.047740
0.792056
0.533673
0.515804
0.954480
0.126065
0.085819
0.530968
0.637214
0.777288
0.044796
0.291343
0.749025
0.264848
0.297512
0.111399
0.485647
0.056956
0.551590
0.083486
0.021679
0.665631
0.685006
0.797615
0.190573
0.163105
0.029793
0.559083
0.347791
0.110559
0.845761
0.395531
0.902615
0.379434
0.911335
0.857095
0.505499
0.997154
0.388063
0.142713
0.774442
0.432859
0.434055
0.523467
0.697707
0.731567
0.634866
0.183354
0.788523
0.186457
0.266840
0.810202
0.852088
0.951846
0.607817
0.042661
0.114951
0.637610
0.601743
0.462743
0.748169
0.447505
0.858274
0.650784
0.826939
0.769609
0.507879
0.332438
0.766762
0.895942
0.475150
0.541204
0.328800
0.909206
0.064671
0.026507
0.640773
0.699537
0.209861
0.429296
0.885994
0.476701
0.239498
0.738082
0.428548
0.847315
0.780742
0.543499
0.484925
0.382486
0.006242
0.233094
0.829990
0.864515
0.883878
0.656929
0.634124
0.391756
0.989366
0.400886
0.287698
0.464517
0.942090
0.616498
0.373722
0.006761
0.643006
0.014495
0.706299
0.852867
0.443791
0.592292
0.329568
0.683289
0.330374
0.758116
0.530604
0.111117
0.301615
0.015529
0.493602
0.307856
0.248623
0.323592
0.172372
0.132501
0.980521
0.806496
0.524257
0.969887
0.207382
0.811955
0.434404
0.149472
0.428454
0.808126
0.156233
0.071459
0.822621
0.862532
0.924326
0.266412
0.454824
0.253894
0.949701
0.785199
0.012010
0.480305
0.896315
0.313625
0.495834
0.389917
0.621481
0.744457
0.713510
0.793853
0.876958
0.694031
0.600349
0.401216
0.663918
0.807730
0.213171
0.098322
0.957203
0.641625
0.906448
0.113436
0.713084
0.729069
0.975968
0.637410
0.995480
0.430792
0.891305
0.945181
0.215991
0.903315
0.425486
0.112306
0.216940
0.921320
0.502223
0.838421
0.665777
0.215733
0.632274
0.542735
0.909763
0.232623
0.943951
0.573681
0.040353
0.157122
0.672002
0.997555
0.798747
0.578450
0.110991
0.511831
0.307519
0.086959
0.149241
0.302999
0.517751
0.040545
0.248180
0.733742
0.943860
0.673666
0.846048
0.160800
0.594986
0.348271
0.999221
0.260763
0.564003
0.631495
0.803499
0.473767
0.864117
0.747450
0.047448
0.904470
0.904572
0.719450
0.902026
0.703319
0.297900
0.013017
0.215149
0.605419
0.099976
0.364390
0.908418
0.617728
0.404935
0.156598
0.351470
0.348795
0.830264
0.197517
0.509595
0.425250
0.545788
0.508816
0.686014
0.109792
0.140311
0.489512
0.583558
0.004428
0.236962
0.631006
0.908899
0.141534
0.350456
0.810924
0.844853
0.648356
0.823941
0.060002
0.253775
0.923918
0.424392
0.162193
0.541645
0.829327
0.318790
0.893115
0.178122
0.149054
0.090632
0.687717
0.574305
0.636421
0.196534
0.260318
0.746213
0.336845
0.749831
0.329771
0.341273
0.986793
0.960777
0.250171
0.128327
0.311233
0.061096
0.973180
0.959589
0.885037
0.033182
0.213364
0.808955
0.457574
0.375556
0.350600
0.286901
0.694346
0.243715
0.465023
0.843401
0.334348
0.152740
0.417705
0.970769
0.349274
0.678023
0.716981
0.686119
0.427854
0.046752
0.027391
0.414647
0.007529
0.277563
0.542974
0.318761
0.338658
0.516154
0.278350
0.223696
0.549336
0.491714
0.032650
0.006909
0.867270
0.383251
0.293810
0.561616
0.626966
0.758833
0.405017
0.961314
0.911573
0.822723
0.932082
0.260847
0.500746
0.649063
0.946966
0.928600
0.695815
0.974357
0.343247
0.703344
0.251920
0.886221
0.022106
0.590578
0.402375
0.300456
0.814274
0.951711
0.792170
0.846924
0.958620
0.659439
0.230175
0.252430
0.221056
0.857141
0.011263
0.626073
0.818454
0.922836
0.448796
0.750537
0.183683
0.949542
0.399600
0.130649
0.878142
0.095415
0.105006
0.221389
0.798759
0.356925
0.107610
0.820865
0.947504
0.509985
0.121320
0.761777
0.461696
0.913490
0.608701
0.420316
0.572929
0.838876
0.672746
0.793985
0.696017
0.684009
0.420058
0.514471
0.606844
0.868854
0.265008
0.790527
0.818396
0.664607
0.921176
0.696538
0.760023
0.026182
0.917926
0.558782
0.383107
0.025536
0.379646
0.330611
0.535521
0.500967
0.092388
0.997217
0.414456
0.701090
0.417533
0.987386
0.539966
0.090279
0.781371
0.235983
0.774287
0.201429
0.750454
0.381131
0.070283
0.015462
0.171659
0.888679
0.680069
0.092835
0.585217
0.440091
0.119017
0.503143
0.998873
0.502124
0.528679
0.378519
0.832735
0.064200
0.879486
0.925123
0.061417
0.293942
0.626213
0.478950
0.281328
0.166179
0.569228
0.062699
0.402162
0.343516
0.264128
0.152616
0.724647
0.334412
0.168078
0.896306
0.223091
0.848147
0.989141
0.808307
0.288238
0.108157
0.311450
0.287111
0.610281
0.840129
0.665630
0.443016
0.904329
0.545116
0.368140
0.965746
0.839059
0.994353
0.444696
0.120387
0.160532
0.013925
0.183086
0.562694
0.357440
0.447214
0.715310
0.082087
0.781626
0.883388
0.978393
0.004716
0.731534
0.967534
0.813023
0.019772
0.075691
0.124473
0.306884
0.685972
0.964602
0.972514
0.128989
0.868931
0.517630
0.497128
0.834677
0.356689
0.491481
0.279374
0.477075
0.652013
0.293298
0.660161
0.214708
0.650738
0.107375
0.930018
0.732825
0.889000
0.813406
0.711218
0.893717
0.544940
0.678752
0.706740
0.564712
0.754443
0.831213
0.871596
0.440415
0.795815
0.844110
0.569404
0.664746
0.361740
0.066532
0.499423
0.718429
0.558014
0.778797
0.195504
0.210027
0.072095
0.855665
0.424735
0.722833
0.963040
0.354752
0.455658
0.852041
0.168158
0.166877
0.745757
0.713098
0.845628
0.452497
0.277810
0.600071
0.283709
0.149406
0.040486
0.079524
0.993515
0.609890
0.744270
0.355256
0.676422
0.243693
0.073684
0.234436
0.022490
0.269189
0.444463
0.094584
0.124854
0.869197
0.817418
0.087894
0.223949
0.273076
0.939935
0.392107
0.439953
0.685692
0.105205
0.285581
0.138189
0.383015
0.885652
0.421898
0.532421
0.926138
0.501422
0.525936
0.536028
0.245692
0.881192
0.212450
0.489385
0.954876
0.446885
0.511874
0.224065
0.891348
0.606459
0.348919
0.760545
0.423876
0.436813
0.984495
0.696952
0.376747
0.376602
0.136905
0.062439
0.481807
0.422486
0.200628
0.864822
0.308138
0.622526
0.397243
0.234276
0.123948
0.923179
0.770304
0.369639
0.804371
0.982754
0.859024
0.759248
0.429639
0.370898
0.983312
0.320987
0.977356
0.332231
0.081532
0.401233
0.769044
0.066026
0.098185
0.145791
0.442628
0.235090
0.208231
0.924435
0.657576
0.408858
0.789257
0.965714
0.031384
0.186500
0.199989
0.155332
0.109680
0.970293
0.524971
0.914051
0.953047
0.383995
0.673298
0.382686
0.754893
0.656611
0.703672
0.732249
0.988842
0.785204
0.133482
0.757886
0.851231
0.231667
0.903677
0.293859
0.466757
0.111908
0.218294
0.124332
0.520766
0.007551
0.090046
0.552150
0.194052
0.290035
0.707482
0.303731
0.260328
0.232452
0.217782
0.213375
0.616447
0.891081
0.596061
0.371340
0.547692
0.299733
0.103589
0.536534
0.084937
0.237071
0.294420
0.936168
0.468738
0.198097
0.230027
0.935494
0.310005
0.448321
0.059826
0.830771
0.455872
0.149872
0.382921
0.649924
0.439907
0.090403
0.953656
0.700236
0.322855
0.171438
0.913611
0.939302
0.062519
0.509672
0.310642
0.610210
0.809405
0.414231
0.146744
0.894342
0.651302
0.441164
0.830510
0.120039
0.639261
0.060537
0.055533
0.949266
0.508858
0.115360
0.780037
0.964730
0.265232
0.162959
0.614654
0.705139
0.253361
0.568310
0.405375
0.576216
0.739748
0.318986
0.515519
0.802267
0.828657
0.826161
0.412477
0.638062
0.240391
0.559221
0.532404
0.891693
0.000385
0.362915
0.011732
0.639647
0.423452
0.067266
0.588913
0.932310
0.182626
0.368950
0.897040
0.447857
0.531909
0.511695
0.152997
0.785270
0.080005
0.558371
0.361487
0.819753
0.877357
0.877005
0.622019
0.706014
0.703166
0.034496
0.344076
0.943557
0.593718
0.876481
0.835250
0.594103
0.239395
0.846983
0.233750
0.662847
0.914249
0.822663
0.595157
0.096874
0.191613
0.492197
0.544732
0.723522
0.003892
0.697728
0.508792
0.083896
0.256100
0.870279
0.903649
0.133457
0.747284
0.525668
0.839471
0.450450
0.560164
0.183547
0.394007
0.153882
0.060028
0.229257
0.747985
0.299423
0.076240
0.981735
0.962270
0.990489
0.804398
0.557427
0.087363
0.996011
0.049624
0.632095
0.719532
0.053515
0.329823
0.228324
0.137411
0.585922
0.098603
0.041060
0.719379
0.845887
0.566728
0.558850
0.296336
0.126892
0.742397
0.690343
0.280774
0.802425
0.919600
0.028760
0.101848
0.995840
0.010495
0.064118
0.986329
0.814892
0.621544
0.073692
0.810903
0.671168
0.705786
0.530436
0.724683
0.035609
0.758760
0.862094
0.621532
0.857363
0.903154
0.340911
0.703250
0.469882
0.899761
0.999587
0.596774
0.642158
0.689930
0.877548
0.444583
0.609530
0.906308
0.546430
0.605370
0.916803
0.610548
0.591699
0.731695
0.232093
0.665391
0.542598
0.903261
0.371177
0.073033
0.627944
0.406786
0.831793
0.490038
0.028318
0.689157
0.393193
0.369229
0.392407
0.863075
0.268989
0.391993
0.459849
0.911147
0.081923
0.337397
0.355730
0.691453
0.243705
0.902160
0.296823
0.160508
0.512708
0.888522
0.892203
0.744801
0.553913
0.434801
0.648062
0.925090
0.507834
0.276005
0.331876
0.339628
0.766043
0.360194
0.028785
0.159236
0.729423
0.421191
0.022311
0.998412
0.813184
0.482160
0.909560
0.895107
0.819557
0.265289
0.586560
0.063263
0.167449
0.883384
0.223771
0.680158
0.771906
0.115974
0.424958
0.325818
0.550774
0.073020
0.250908
0.058609
0.349025
0.582784
0.398237
0.115069
0.942978
0.427021
0.274305
0.672401
0.848213
0.296615
0.670814
0.661397
0.778775
0.580374
0.556505
0.598332
0.845663
0.143065
0.661595
0.013112
0.026448
0.885365
0.693270
0.798354
0.001339
0.118228
0.124172
0.552113
0.191248
0.375080
0.610722
0.540273
0.957865
0.008959
0.655342
0.900843
0.435980
0.929646
0.573245
0.284193
0.226262
0.244059
0.945590
0.005037
0.824432
0.502095
0.603369
0.670095
0.645160
0.264964
0.683207
0.671608
0.150329
0.376477
0.469962
0.151668
0.494705
0.594135
0.703781
0.685952
0.969215
0.314503
0.226226
0.927080
0.323462
0.881567
0.827923
0.759443
0.811214
0.401168
0.043636
0.037476
0.645226
0.989226
0.042513
0.469658
0.491321
0.645882
0.139753
0.136480
0.910846
0.822960
0.808089
0.061175
0.199437
0.278051
0.212843
0.694141
0.872186
0.916624
0.380094
0.841401
0.231128
0.606319
0.768481
0.554590
0.487887
0.596404
0.314033
0.299100
0.997572
0.357668
0.336576
0.642798
0.346894
0.379089
0.112456
0.838215
0.024971
0.252209
0.974695
0.935817
0.075169
0.782784
0.996992
0.274606
0.060835
0.209835
0.968747
0.933021
0.126459
0.348840
0.774422
0.357587
0.955160
0.542903
0.912177
0.443046
0.139307
0.226210
0.742147
0.136878
0.583878
0.078723
0.779676
0.930773
0.457812
0.892132
0.768988
0.482783
0.144342
0.743683
0.418600
0.219511
0.526467
0.415592
0.494116
0.587302
0.625427
0.462863
0.520323
0.751887
0.811704
0.294745
0.109474
0.766864
0.837648
0.021651
0.209910
0.976955
0.247861
0.952057
0.113833
0.831739
0.030780
0.893509
0.762512
0.488592
0.785642
0.531499
0.971375
0.929983
0.275182
0.389975
0.149494
0.801650
0.805567
0.643611
0.388952
0.430994
0.106474
0.909276
0.182881
0.918178
0.204021
0.292355
0.685041
0.041669
0.314006
0.894951
0.018624
0.561866
0.847008
0.132457
0.393606
0.877788
0.025967
0.156117
0.366380
0.811609
0.687617
0.337755
0.741592
0.962799
0.727730
0.891086
0.764449
0.533297
0.534696
0.153401
0.964291
0.641170
0.062677
0.147172
0.559348
0.266698
0.439527
0.244389
0.308367
0.753532
0.139341
0.326991
0.315398
0.986348
0.459449
0.709004
0.864136
0.485415
0.865121
0.230516
0.297024
0.552738
0.568271
0.038616
0.515537
0.296000
0.929702
0.279986
0.829297
0.464398
0.433388
0.793588
0.105568
0.496064
0.940760
0.664916
0.762762
0.380287
0.909306
0.071129
0.133819
0.048646
0.398120
0.449218
0.034995
0.857569
0.158222
0.899131
0.342984
0.023343
0.129647
0.640008
0.576081
0.697917
0.678624
0.091618
0.993918
0.608325
0.371605
0.823215
0.072723
0.804992
0.616803
0.178291
0.301057
0.557564
0.843208
0.063819
0.937851
0.752513
0.134948
0.071670
0.801159
0.533069
0.520887
0.836154
0.390637
0.679109
0.735284
0.733622
0.702452
0.864931
0.373630
0.278533
0.562848
0.052254
0.370151
0.556766
0.660579
0.741756
0.379980
0.733302
0.546748
0.996784
0.911593
0.847805
0.554347
0.754801
0.911624
0.492198
0.507314
0.046572
0.563868
0.308473
0.579640
0.084755
0.144627
0.970278
0.763864
0.879911
0.703900
0.466316
0.744842
0.077529
0.744849
0.307690
0.129783
0.115000
0.864456
0.790362
0.856756
0.244436
0.523664
0.403504
0.241220
0.435257
0.251309
0.795568
0.190058
0.162933
0.287766
0.697372
0.209505
0.851634
0.005845
0.789145
0.936389
0.150472
0.759423
0.700253
0.030383
0.463322
0.166570
0.775225
0.540852
0.911419
0.082915
0.670635
0.026419
0.947371
0.460997
0.883175
0.191808
0.984661
0.286680
0.433028
0.419918
0.537989
0.228595
0.609976
0.700922
0.516361
0.307348
0.910426
0.367994
0.313194
0.699571
0.304383
0.463666
0.458994
0.004637
0.494049
0.922316
0.171207
0.269274
0.463168
0.082625
0.352189
0.133802
0.109044
0.299560
0.594799
0.992220
0.491368
0.579459
0.278899
0.924395
0.999377
0.816888
0.152991
0.609353
0.517810
0.669351
0.916701
0.428236
0.037346
0.229895
0.127808
0.341729
0.693560
0.586801
0.346366
0.187609
0.509117
0.517572
0.456883
0.972285
0.600198
0.809072
0.106087
0.709242
0.108632
0.700886
0.701462
0.600000
0.280345
0.980361
0.524396
0.279722
0.797250
0.677386
0.889075
0.315060
0.346737
0.805776
0.743296
0.384083
0.035671
0.871104
0.725812
0.729231
0.457905
0.072178
0.916840
0.967022
0.589751
0.373723
0.939307
0.189948
0.182795
0.045394
0.899191
0.291427
0.746280
0.600653
0.891427
0.026624
0.581014
0.415823
0.306346
0.378264
0.093209
0.195421
0.693324
0.439946
0.001197
0.436620
0.824029
0.036867
0.307724
0.549842
0.766099
0.765629
0.622020
0.682939
0.732651
0.211771
0.056662
0.671958
0.401719
0.239457
0.717352
0.300910
0.530884
0.463632
0.901562
0.422311
0.490256
0.482576
0.838133
0.796602
0.860840
0.931342
0.992023
0.554163
0.371288
0.993220
0.990783
0.195318
0.030087
0.298507
0.745159
0.796186
0.064136
0.367179
0.479125
0.796787
0.578950
0.535786
0.468745
0.980669
0.775243
0.186098
0.281579
0.306127
0.649730
0.183141
0.728438
0.139986
0.665717
0.566571
0.936589
0.526557
0.497913
0.928612
0.080720
0.869202
0.921832
0.071504
0.064519
0.951919
0.370010
0.809679
0.748105
0.434146
0.176858
0.227229
0.230933
0.755808
0.763016
0.699678
0.736477
0.538259
0.885775
0.018055
0.844386
0.535505
0.201196
0.572823
0.675491
0.866913
0.139394
0.612080
0.393470
0.637308
0.540692
0.474191
0.506509
0.462523
0.545694
0.571029
0.414442
0.915704
0.380707
0.162547
0.349850
0.557565
0.389776
0.580783
0.313373
0.152792
0.280461
0.049850
0.691050
0.166236
0.067905
0.535436
0.701741
0.269101
0.108260
0.377232
0.136015
0.247654
0.989312
0.529485
0.884962
0.530003
0.003676
0.391471
0.992527
0.549370
0.962500
0.406969
0.465074
0.343208
0.569515
0.814925
0.900773
0.959291
0.395708
0.214146
0.112082
0.676168
0.263996
0.803133
0.842405
0.331901
0.338569
0.544146
0.601002
0.446828
0.921378
0.737016
0.694482
0.910690
0.266501
0.579444
0.440693
0.270177
0.970916
0.433220
0.819547
0.933416
0.840188
0.284621
0.276623
0.409703
0.099546
0.177396
0.368994
0.495253
0.391542
0.481076
0.171422
0.655538
0.284209
0.013826
0.987439
0.622778
0.557972
0.588440
0.069607
0.479350
0.325457
0.764089
0.390039
0.591958
0.343533
0.830733
0.862135
0.314449
0.263952
0.681682
0.247865
0.104141
0.966303
0.524488
0.513844
0.065849
0.701884
0.882838
0.561102
0.093426
0.363914
0.732524
0.748964
0.648124
0.746350
0.736403
0.270902
0.304322
0.324843
0.340508
0.783672
0.650300
0.104597
0.173712
0.242259
0.448131
0.004444
0.104394
0.762580
0.268397
0.786076
0.010444
0.372537
0.752379
0.534932
0.886381
0.818228
0.236816
0.769219
0.379330
0.330242
0.133133
0.111854
0.079207
0.781257
0.858204
0.815609
0.052158
0.162527
0.140453
0.392667
0.946199
0.790753
0.497264
0.119911
0.033012
0.945394
0.124355
0.137405
0.707974
0.392751
0.923481
0.718418
0.765288
0.675860
0.253350
0.651669
0.494088
0.490166
0.420888
0.873418
0.820408
0.554022
0.985272
0.899615
0.335278
0.843477
0.715224
0.387437
0.006003
0.855677
0.780103
0.952202
0.646430
0.277367
0.072113
0.679442
0.222762
0.196468
0.816847
0.930736
0.589219
0.740328
0.649154
0.354508
0.416189
0.902504
0.006177
0.910277
0.392670
0.427065
0.783695
0.213078
0.981087
0.768967
0.112693
0.316365
0.612444
0.827918
0.703802
0.618447
0.683595
0.483905
0.570650
0.330025
0.761272
0.642763
0.009467
0.984034
0.839231
0.826314
0.914770
0.428450
0.566642
0.563923
0.782958
0.982831
0.466427
0.789135
0.893108
0.859097
0.216200
0.676803
0.072175
0.197287
0.445770
0.184868
0.513652
0.058213
0.012785
0.217454
0.676661
0.696380
0.701359
0.247310
0.026405
0.462631
0.890073
0.035872
0.446665
0.729304
0.862185
0.361434
0.157754
0.428827
0.925358
0.940711
0.411658
0.391784
0.729846
0.304765
0.250881
0.946046
0.981568
0.323056
0.143333
0.427337
0.507923
0.656984
0.485551
0.520709
0.874438
0.162212
0.217089
0.575796
0.409522
0.243494
0.038427
0.299595
0.279366
0.485092
0.028899
0.141551
0.846527
0.186653
0.570378
0.771884
0.127364
0.982035
0.163669
0.857210
0.286800
0.414550
0.803256
0.268368
0.737605
0.946589
0.695706
0.245529
0.603573
0.181256
0.766237
0.478011
0.343468
0.983326
0.053807
0.752990
0.226820
0.092235
0.052585
0.506186
0.577327
0.081484
0.647737
0.423854
0.268137
0.218114
0.195738
0.395502
0.200150
0.359407
0.252712
0.486950
0.773957
0.055968
0.755318
0.511562
0.002557
0.451024
0.757091
0.606130
0.632280
0.523328
0.084141
0.975748
0.506655
0.137949
0.728738
0.733475
0.230183
0.781323
0.239661
0.807510
0.862807
0.887398
0.231364
0.130944
0.105512
0.427102
0.526445
0.305662
0.786509
0.779157
0.792612
0.560465
0.835126
0.547930
0.072027
0.837683
0.998953
0.829118
0.443813
0.631233
0.352446
0.527955
0.606981
0.859101
0.665904
0.335719
0.592576
0.896087
0.117042
0.832237
0.703597
0.979848
0.719635
0.934961
0.110792
0.825147
0.362063
0.637238
0.130808
0.148572
0.416395
0.923420
0.709037
0.251521
0.471350
0.781064
0.089204
0.470303
0.610182
0.533017
0.101536
0.962628
0.060972
0.708517
0.821729
0.726876
0.044236
0.414305
0.622962
0.161278
0.246541
0.326560
0.141126
0.966176
0.261521
0.251918
0.791323
0.623584
0.889156
0.922131
0.772155
0.305551
0.845551
0.481192
0.557072
0.316900
0.262256
0.646276
0.787203
0.872438
0.179293
0.888739
0.835066
0.240265
0.597256
0.656795
0.967141
0.641493
0.071100
0.590103
0.802770
0.317641
0.916663
0.943896
0.283817
0.178184
0.195815
0.075140
0.801767
0.084971
0.997271
0.573922
0.390522
0.842821
0.055115
0.947593
0.159721
0.317371
0.593869
0.946924
0.189809
0.773162
0.835663
0.024876
0.013427
0.432920
0.681671
0.980568
0.074412
0.752771
0.570671
0.877183
0.070412
0.487334
0.821079
0.354229
0.665518
0.016894
0.429369
0.467285
0.101864
0.426640
0.041207
0.492386
0.269461
0.096322
0.439979
0.429183
0.413693
0.033848
0.376107
0.603502
0.807010
0.211770
0.628378
0.820438
0.644690
0.310049
0.801006
0.719103
0.062820
0.371677
0.596285
0.133232
0.859012
0.417364
0.487462
0.524530
0.434258
0.916831
0.991815
0.536122
0.343471
0.033022
0.028508
0.612932
0.129344
0.468487
0.042115
0.543037
0.502335
0.418222
0.146539
0.309346
0.629992
0.774917
0.129783
0.274683
0.084966
0.930789
0.993785
0.147786
0.302466
0.590070
0.281018
0.161478
0.007434
0.768480
0.686008
0.441692
0.685311
0.677822
0.977814
0.028782
0.710845
0.006322
0.641714
0.840189
0.474809
0.683829
0.383226
0.977145
0.102050
0.529765
0.286491
0.732043
0.304683
0.416274
0.006725
0.389649
0.347063
0.000510
0.537435
0.649529
0.590581
0.818454
0.811007
0.598015
0.586934
0.497015
0.039707
0.272245
0.174838
0.017521
0.301026
0.885682
0.023844
0.942740
0.725871
0.498653
0.626569
0.109097
0.475798
0.728619
0.638862
0.762288
0.460662
0.943545
0.178562
0.467387
0.333194
0.525625
0.467897
0.870630
0.175155
0.058478
0.689083
0.986162
0.656493
0.276017
0.483178
0.696200
0.548262
0.658015
0.713722
0.849288
0.543697
0.737565
0.792028
0.269568
0.236218
0.418596
0.378666
0.712016
0.147216
0.017528
0.474305
0.607877
0.961073
0.652867
0.075265
0.294268
0.178493
0.543162
0.164897
0.353647
0.601640
0.853980
0.339810
0.258133
0.129998
0.822987
0.954333
0.678259
0.481002
0.668055
0.527547
0.024700
0.405620
0.319575
0.294268
0.641838
0.738171
0.672934
0.353855
0.885387
0.690462
0.828159
0.493264
0.651535
0.481027
0.568529
0.945802
0.659519
0.111691
0.110700
0.013166
0.713331
0.964680
0.352976
0.971464
0.094678
0.175963
0.925797
0.772937
0.656966
0.593852
0.300484
0.681665
0.999472
0.620058
0.975934
0.641310
0.358230
0.648867
0.995165
0.243617
0.339329
0.823324
0.736881
0.990864
0.304350
0.305410
0.936666
0.963870
0.417101
0.047366
0.977036
0.130432
0.012046
0.330012
0.101896
0.106723
0.505976
0.027693
0.879660
0.162941
0.621545
0.180144
0.844607
0.621017
0.800202
0.820540
0.262327
0.158432
0.469407
0.257492
0.402049
0.808736
0.080816
0.138930
0.799600
0.385166
0.444340
0.736266
0.349036
0.861441
0.783632
0.326072
0.991873
0.795678
0.656084
0.093769
0.902401
0.162059
0.121462
0.782061
0.325001
0.743008
0.962205
0.169608
0.364025
0.762407
0.990148
0.626352
0.920839
0.459555
0.883844
0.322888
0.268292
0.964659
0.461817
0.067892
0.349825
0.906157
0.804158
0.698861
0.767598
0.587790
0.024933
0.759470
0.383468
0.681017
0.853239
0.285870
0.843076
0.974702
0.067931
0.168077
0.717709
0.030136
0.337685
0.081734
0.792543
0.327833
0.708086
0.713382
0.787388
0.591930
0.036270
0.055680
0.556589
0.498087
0.123572
0.906415
0.404244
0.927730
0.605276
0.171842
0.515521
0.630209
0.931312
0.898989
0.311226
0.784551
0.184859
0.154302
0.759253
0.252790
0.322379
0.476962
0.282926
0.660064
0.558697
0.075469
0.987897
0.266783
0.788851
0.775285
0.858713
0.825121
0.830965
0.415302
0.323208
0.954537
0.321716
0.727452
0.882267
0.926992
0.899294
0.397787
0.557201
0.830606
0.296776
0.868427
0.615157
0.481635
0.022729
0.374410
0.734425
0.345108
0.851372
0.017351
0.005172
0.410069
0.092820
0.993068
0.676852
0.881671
0.768353
0.535564
0.706792
0.599318
0.950866
0.030000
0.553854
0.272583
0.757453
0.436121
0.199575
0.656747
0.833908
0.756776
0.487353
0.130685
0.625203
0.102510
0.612320
0.647931
0.476920
0.346745
0.993039
0.328292
0.364096
0.998211
0.738361
0.456916
0.991279
0.415213
0.338587
0.759633
0.950777
0.045379
0.358951
0.901644
0.075379
0.912805
0.174226
0.832832
0.348926
0.373801
0.489578
0.182834
0.130577
0.976931
0.313519
0.755780
0.079441
0.925839
0.403712
0.556361
0.272584
0.396751
0.884653
0.636680
0.394962
0.623014
0.093596
0.386241
0.038227
0.432182
0.145874
0.989004
0.477561
0.504825
0.890648
0.552940
0.417630
0.064875
0.385772
0.766556
0.438676
0.875350
0.949390
0.569253
0.852281
0.262909
0.325033
0.931722
0.188749
0.728745
0.488083
0.461333
0.125496
0.372735
0.098012
